title:u/pandapaxxy's "missing" Black Armory PvE picks
description:Originally found at https://www.reddit.com/r/sharditkeepit/comments/ahwn4c/missing_black_armory_weapons_bow_pulse_sword/
// https://www.reddit.com/r/sharditkeepit/comments/ahwn4c/missing_black_armory_weapons_bow_pulse_sword/

//spiteful fang (pve)
//notes:PandaPaxxy - PvE pick
dimwishlist:item=421573768&perks=852209214,16392701,201365942,3425386926
dimwishlist:item=421573768&perks=4067834857,16392701,201365942,3425386926
dimwishlist:item=421573768&perks=2801223209,16392701,201365942,3425386926
dimwishlist:item=421573768&perks=852209214,3429800428,201365942,3425386926
dimwishlist:item=421573768&perks=4067834857,3429800428,201365942,3425386926
dimwishlist:item=421573768&perks=2801223209,3429800428,201365942,3425386926
dimwishlist:item=421573768&perks=852209214,3827198035,201365942,3425386926
dimwishlist:item=421573768&perks=4067834857,3827198035,201365942,3425386926
dimwishlist:item=421573768&perks=2801223209,3827198035,201365942,3425386926
dimwishlist:item=421573768&perks=852209214,16392701,957782887,3425386926
dimwishlist:item=421573768&perks=4067834857,16392701,957782887,3425386926
dimwishlist:item=421573768&perks=2801223209,16392701,957782887,3425386926
dimwishlist:item=421573768&perks=852209214,3429800428,957782887,3425386926
dimwishlist:item=421573768&perks=4067834857,3429800428,957782887,3425386926
dimwishlist:item=421573768&perks=2801223209,3429800428,957782887,3425386926
dimwishlist:item=421573768&perks=852209214,3827198035,957782887,3425386926
dimwishlist:item=421573768&perks=4067834857,3827198035,957782887,3425386926
dimwishlist:item=421573768&perks=2801223209,3827198035,957782887,3425386926
dimwishlist:item=421573768&perks=852209214,16392701,908147344,3425386926
dimwishlist:item=421573768&perks=4067834857,16392701,908147344,3425386926
dimwishlist:item=421573768&perks=2801223209,16392701,908147344,3425386926
dimwishlist:item=421573768&perks=852209214,3429800428,908147344,3425386926
dimwishlist:item=421573768&perks=4067834857,3429800428,908147344,3425386926
dimwishlist:item=421573768&perks=2801223209,3429800428,908147344,3425386926
dimwishlist:item=421573768&perks=852209214,3827198035,908147344,3425386926
dimwishlist:item=421573768&perks=4067834857,3827198035,908147344,3425386926
dimwishlist:item=421573768&perks=2801223209,3827198035,908147344,3425386926
dimwishlist:item=421573768&perks=852209214,16392701,201365942,3365897133
dimwishlist:item=421573768&perks=4067834857,16392701,201365942,3365897133
dimwishlist:item=421573768&perks=2801223209,16392701,201365942,3365897133
dimwishlist:item=421573768&perks=852209214,3429800428,201365942,3365897133
dimwishlist:item=421573768&perks=4067834857,3429800428,201365942,3365897133
dimwishlist:item=421573768&perks=2801223209,3429800428,201365942,3365897133
dimwishlist:item=421573768&perks=852209214,3827198035,201365942,3365897133
dimwishlist:item=421573768&perks=4067834857,3827198035,201365942,3365897133
dimwishlist:item=421573768&perks=2801223209,3827198035,201365942,3365897133
dimwishlist:item=421573768&perks=852209214,16392701,957782887,3365897133
dimwishlist:item=421573768&perks=4067834857,16392701,957782887,3365897133
dimwishlist:item=421573768&perks=2801223209,16392701,957782887,3365897133
dimwishlist:item=421573768&perks=852209214,3429800428,957782887,3365897133
dimwishlist:item=421573768&perks=4067834857,3429800428,957782887,3365897133
dimwishlist:item=421573768&perks=2801223209,3429800428,957782887,3365897133
dimwishlist:item=421573768&perks=852209214,3827198035,957782887,3365897133
dimwishlist:item=421573768&perks=4067834857,3827198035,957782887,3365897133
dimwishlist:item=421573768&perks=2801223209,3827198035,957782887,3365897133
dimwishlist:item=421573768&perks=852209214,16392701,908147344,3365897133
dimwishlist:item=421573768&perks=4067834857,16392701,908147344,3365897133
dimwishlist:item=421573768&perks=2801223209,16392701,908147344,3365897133
dimwishlist:item=421573768&perks=852209214,3429800428,908147344,3365897133
dimwishlist:item=421573768&perks=4067834857,3429800428,908147344,3365897133
dimwishlist:item=421573768&perks=2801223209,3429800428,908147344,3365897133
dimwishlist:item=421573768&perks=852209214,3827198035,908147344,3365897133
dimwishlist:item=421573768&perks=4067834857,3827198035,908147344,3365897133
dimwishlist:item=421573768&perks=2801223209,3827198035,908147344,3365897133
dimwishlist:item=421573768&perks=852209214,16392701,201365942,1866048759
dimwishlist:item=421573768&perks=4067834857,16392701,201365942,1866048759
dimwishlist:item=421573768&perks=2801223209,16392701,201365942,1866048759
dimwishlist:item=421573768&perks=852209214,3429800428,201365942,1866048759
dimwishlist:item=421573768&perks=4067834857,3429800428,201365942,1866048759
dimwishlist:item=421573768&perks=2801223209,3429800428,201365942,1866048759
dimwishlist:item=421573768&perks=852209214,3827198035,201365942,1866048759
dimwishlist:item=421573768&perks=4067834857,3827198035,201365942,1866048759
dimwishlist:item=421573768&perks=2801223209,3827198035,201365942,1866048759
dimwishlist:item=421573768&perks=852209214,16392701,957782887,1866048759
dimwishlist:item=421573768&perks=4067834857,16392701,957782887,1866048759
dimwishlist:item=421573768&perks=2801223209,16392701,957782887,1866048759
dimwishlist:item=421573768&perks=852209214,3429800428,957782887,1866048759
dimwishlist:item=421573768&perks=4067834857,3429800428,957782887,1866048759
dimwishlist:item=421573768&perks=2801223209,3429800428,957782887,1866048759
dimwishlist:item=421573768&perks=852209214,3827198035,957782887,1866048759
dimwishlist:item=421573768&perks=4067834857,3827198035,957782887,1866048759
dimwishlist:item=421573768&perks=2801223209,3827198035,957782887,1866048759
dimwishlist:item=421573768&perks=852209214,16392701,908147344,1866048759
dimwishlist:item=421573768&perks=4067834857,16392701,908147344,1866048759
dimwishlist:item=421573768&perks=2801223209,16392701,908147344,1866048759
dimwishlist:item=421573768&perks=852209214,3429800428,908147344,1866048759
dimwishlist:item=421573768&perks=4067834857,3429800428,908147344,1866048759
dimwishlist:item=421573768&perks=2801223209,3429800428,908147344,1866048759
dimwishlist:item=421573768&perks=852209214,3827198035,908147344,1866048759
dimwishlist:item=421573768&perks=4067834857,3827198035,908147344,1866048759
dimwishlist:item=421573768&perks=2801223209,3827198035,908147344,1866048759

//blast furnace (pve)
//notes:PandaPaxxy - PvE pick
dimwishlist:item=3843477312&perks=1096957638,1087426260,2779035018,3425386926
dimwishlist:item=3843477312&perks=3433396026,1087426260,2779035018,3425386926
dimwishlist:item=3843477312&perks=3433396027,1087426260,2779035018,3425386926
dimwishlist:item=3843477312&perks=1096957638,106909392,2779035018,3425386926
dimwishlist:item=3843477312&perks=3433396026,106909392,2779035018,3425386926
dimwishlist:item=3843477312&perks=3433396027,106909392,2779035018,3425386926
dimwishlist:item=3843477312&perks=1096957638,3230963543,2779035018,3425386926
dimwishlist:item=3843477312&perks=3433396026,3230963543,2779035018,3425386926
dimwishlist:item=3843477312&perks=3433396027,3230963543,2779035018,3425386926
dimwishlist:item=3843477312&perks=1096957638,2420895100,2779035018,3425386926
dimwishlist:item=3843477312&perks=3433396026,2420895100,2779035018,3425386926
dimwishlist:item=3843477312&perks=3433396027,2420895100,2779035018,3425386926
dimwishlist:item=3843477312&perks=1096957638,1087426260,1168162263,3425386926
dimwishlist:item=3843477312&perks=3433396026,1087426260,1168162263,3425386926
dimwishlist:item=3843477312&perks=3433396027,1087426260,1168162263,3425386926
dimwishlist:item=3843477312&perks=1096957638,106909392,1168162263,3425386926
dimwishlist:item=3843477312&perks=3433396026,106909392,1168162263,3425386926
dimwishlist:item=3843477312&perks=3433396027,106909392,1168162263,3425386926
dimwishlist:item=3843477312&perks=1096957638,3230963543,1168162263,3425386926
dimwishlist:item=3843477312&perks=3433396026,3230963543,1168162263,3425386926
dimwishlist:item=3843477312&perks=3433396027,3230963543,1168162263,3425386926
dimwishlist:item=3843477312&perks=1096957638,2420895100,1168162263,3425386926
dimwishlist:item=3843477312&perks=3433396026,2420895100,1168162263,3425386926
dimwishlist:item=3843477312&perks=3433396027,2420895100,1168162263,3425386926
dimwishlist:item=3843477312&perks=1096957638,1087426260,706527188,3425386926
dimwishlist:item=3843477312&perks=3433396026,1087426260,706527188,3425386926
dimwishlist:item=3843477312&perks=3433396027,1087426260,706527188,3425386926
dimwishlist:item=3843477312&perks=1096957638,106909392,706527188,3425386926
dimwishlist:item=3843477312&perks=3433396026,106909392,706527188,3425386926
dimwishlist:item=3843477312&perks=3433396027,106909392,706527188,3425386926
dimwishlist:item=3843477312&perks=1096957638,3230963543,706527188,3425386926
dimwishlist:item=3843477312&perks=3433396026,3230963543,706527188,3425386926
dimwishlist:item=3843477312&perks=3433396027,3230963543,706527188,3425386926
dimwishlist:item=3843477312&perks=1096957638,2420895100,706527188,3425386926
dimwishlist:item=3843477312&perks=3433396026,2420895100,706527188,3425386926
dimwishlist:item=3843477312&perks=3433396027,2420895100,706527188,3425386926
dimwishlist:item=3843477312&perks=1096957638,1087426260,3124871000,3425386926
dimwishlist:item=3843477312&perks=3433396026,1087426260,3124871000,3425386926
dimwishlist:item=3843477312&perks=3433396027,1087426260,3124871000,3425386926
dimwishlist:item=3843477312&perks=1096957638,106909392,3124871000,3425386926
dimwishlist:item=3843477312&perks=3433396026,106909392,3124871000,3425386926
dimwishlist:item=3843477312&perks=3433396027,106909392,3124871000,3425386926
dimwishlist:item=3843477312&perks=1096957638,3230963543,3124871000,3425386926
dimwishlist:item=3843477312&perks=3433396026,3230963543,3124871000,3425386926
dimwishlist:item=3843477312&perks=3433396027,3230963543,3124871000,3425386926
dimwishlist:item=3843477312&perks=1096957638,2420895100,3124871000,3425386926
dimwishlist:item=3843477312&perks=3433396026,2420895100,3124871000,3425386926
dimwishlist:item=3843477312&perks=3433396027,2420895100,3124871000,3425386926
dimwishlist:item=3843477312&perks=1096957638,1087426260,2779035018,1015611457
dimwishlist:item=3843477312&perks=3433396026,1087426260,2779035018,1015611457
dimwishlist:item=3843477312&perks=3433396027,1087426260,2779035018,1015611457
dimwishlist:item=3843477312&perks=1096957638,106909392,2779035018,1015611457
dimwishlist:item=3843477312&perks=3433396026,106909392,2779035018,1015611457
dimwishlist:item=3843477312&perks=3433396027,106909392,2779035018,1015611457
dimwishlist:item=3843477312&perks=1096957638,3230963543,2779035018,1015611457
dimwishlist:item=3843477312&perks=3433396026,3230963543,2779035018,1015611457
dimwishlist:item=3843477312&perks=3433396027,3230963543,2779035018,1015611457
dimwishlist:item=3843477312&perks=1096957638,2420895100,2779035018,1015611457
dimwishlist:item=3843477312&perks=3433396026,2420895100,2779035018,1015611457
dimwishlist:item=3843477312&perks=3433396027,2420895100,2779035018,1015611457
dimwishlist:item=3843477312&perks=1096957638,1087426260,1168162263,1015611457
dimwishlist:item=3843477312&perks=3433396026,1087426260,1168162263,1015611457
dimwishlist:item=3843477312&perks=3433396027,1087426260,1168162263,1015611457
dimwishlist:item=3843477312&perks=1096957638,106909392,1168162263,1015611457
dimwishlist:item=3843477312&perks=3433396026,106909392,1168162263,1015611457
dimwishlist:item=3843477312&perks=3433396027,106909392,1168162263,1015611457
dimwishlist:item=3843477312&perks=1096957638,3230963543,1168162263,1015611457
dimwishlist:item=3843477312&perks=3433396026,3230963543,1168162263,1015611457
dimwishlist:item=3843477312&perks=3433396027,3230963543,1168162263,1015611457
dimwishlist:item=3843477312&perks=1096957638,2420895100,1168162263,1015611457
dimwishlist:item=3843477312&perks=3433396026,2420895100,1168162263,1015611457
dimwishlist:item=3843477312&perks=3433396027,2420895100,1168162263,1015611457
dimwishlist:item=3843477312&perks=1096957638,1087426260,706527188,1015611457
dimwishlist:item=3843477312&perks=3433396026,1087426260,706527188,1015611457
dimwishlist:item=3843477312&perks=3433396027,1087426260,706527188,1015611457
dimwishlist:item=3843477312&perks=1096957638,106909392,706527188,1015611457
dimwishlist:item=3843477312&perks=3433396026,106909392,706527188,1015611457
dimwishlist:item=3843477312&perks=3433396027,106909392,706527188,1015611457
dimwishlist:item=3843477312&perks=1096957638,3230963543,706527188,1015611457
dimwishlist:item=3843477312&perks=3433396026,3230963543,706527188,1015611457
dimwishlist:item=3843477312&perks=3433396027,3230963543,706527188,1015611457
dimwishlist:item=3843477312&perks=1096957638,2420895100,706527188,1015611457
dimwishlist:item=3843477312&perks=3433396026,2420895100,706527188,1015611457
dimwishlist:item=3843477312&perks=3433396027,2420895100,706527188,1015611457
dimwishlist:item=3843477312&perks=1096957638,1087426260,3124871000,1015611457
dimwishlist:item=3843477312&perks=3433396026,1087426260,3124871000,1015611457
dimwishlist:item=3843477312&perks=3433396027,1087426260,3124871000,1015611457
dimwishlist:item=3843477312&perks=1096957638,106909392,3124871000,1015611457
dimwishlist:item=3843477312&perks=3433396026,106909392,3124871000,1015611457
dimwishlist:item=3843477312&perks=3433396027,106909392,3124871000,1015611457
dimwishlist:item=3843477312&perks=1096957638,3230963543,3124871000,1015611457
dimwishlist:item=3843477312&perks=3433396026,3230963543,3124871000,1015611457
dimwishlist:item=3843477312&perks=3433396027,3230963543,3124871000,1015611457
dimwishlist:item=3843477312&perks=1096957638,2420895100,3124871000,1015611457
dimwishlist:item=3843477312&perks=3433396026,2420895100,3124871000,1015611457
dimwishlist:item=3843477312&perks=3433396027,2420895100,3124871000,1015611457
dimwishlist:item=3843477312&perks=1096957638,1087426260,2779035018,2213355989
dimwishlist:item=3843477312&perks=3433396026,1087426260,2779035018,2213355989
dimwishlist:item=3843477312&perks=3433396027,1087426260,2779035018,2213355989
dimwishlist:item=3843477312&perks=1096957638,106909392,2779035018,2213355989
dimwishlist:item=3843477312&perks=3433396026,106909392,2779035018,2213355989
dimwishlist:item=3843477312&perks=3433396027,106909392,2779035018,2213355989
dimwishlist:item=3843477312&perks=1096957638,3230963543,2779035018,2213355989
dimwishlist:item=3843477312&perks=3433396026,3230963543,2779035018,2213355989
dimwishlist:item=3843477312&perks=3433396027,3230963543,2779035018,2213355989
dimwishlist:item=3843477312&perks=1096957638,2420895100,2779035018,2213355989
dimwishlist:item=3843477312&perks=3433396026,2420895100,2779035018,2213355989
dimwishlist:item=3843477312&perks=3433396027,2420895100,2779035018,2213355989
dimwishlist:item=3843477312&perks=1096957638,1087426260,1168162263,2213355989
dimwishlist:item=3843477312&perks=3433396026,1087426260,1168162263,2213355989
dimwishlist:item=3843477312&perks=3433396027,1087426260,1168162263,2213355989
dimwishlist:item=3843477312&perks=1096957638,106909392,1168162263,2213355989
dimwishlist:item=3843477312&perks=3433396026,106909392,1168162263,2213355989
dimwishlist:item=3843477312&perks=3433396027,106909392,1168162263,2213355989
dimwishlist:item=3843477312&perks=1096957638,3230963543,1168162263,2213355989
dimwishlist:item=3843477312&perks=3433396026,3230963543,1168162263,2213355989
dimwishlist:item=3843477312&perks=3433396027,3230963543,1168162263,2213355989
dimwishlist:item=3843477312&perks=1096957638,2420895100,1168162263,2213355989
dimwishlist:item=3843477312&perks=3433396026,2420895100,1168162263,2213355989
dimwishlist:item=3843477312&perks=3433396027,2420895100,1168162263,2213355989
dimwishlist:item=3843477312&perks=1096957638,1087426260,706527188,2213355989
dimwishlist:item=3843477312&perks=3433396026,1087426260,706527188,2213355989
dimwishlist:item=3843477312&perks=3433396027,1087426260,706527188,2213355989
dimwishlist:item=3843477312&perks=1096957638,106909392,706527188,2213355989
dimwishlist:item=3843477312&perks=3433396026,106909392,706527188,2213355989
dimwishlist:item=3843477312&perks=3433396027,106909392,706527188,2213355989
dimwishlist:item=3843477312&perks=1096957638,3230963543,706527188,2213355989
dimwishlist:item=3843477312&perks=3433396026,3230963543,706527188,2213355989
dimwishlist:item=3843477312&perks=3433396027,3230963543,706527188,2213355989
dimwishlist:item=3843477312&perks=1096957638,2420895100,706527188,2213355989
dimwishlist:item=3843477312&perks=3433396026,2420895100,706527188,2213355989
dimwishlist:item=3843477312&perks=3433396027,2420895100,706527188,2213355989
dimwishlist:item=3843477312&perks=1096957638,1087426260,3124871000,2213355989
dimwishlist:item=3843477312&perks=3433396026,1087426260,3124871000,2213355989
dimwishlist:item=3843477312&perks=3433396027,1087426260,3124871000,2213355989
dimwishlist:item=3843477312&perks=1096957638,106909392,3124871000,2213355989
dimwishlist:item=3843477312&perks=3433396026,106909392,3124871000,2213355989
dimwishlist:item=3843477312&perks=3433396027,106909392,3124871000,2213355989
dimwishlist:item=3843477312&perks=1096957638,3230963543,3124871000,2213355989
dimwishlist:item=3843477312&perks=3433396026,3230963543,3124871000,2213355989
dimwishlist:item=3843477312&perks=3433396027,3230963543,3124871000,2213355989
dimwishlist:item=3843477312&perks=1096957638,2420895100,3124871000,2213355989
dimwishlist:item=3843477312&perks=3433396026,2420895100,3124871000,2213355989
dimwishlist:item=3843477312&perks=3433396027,2420895100,3124871000,2213355989

//Stryker's Sure-Hand (pve)
//notes:PandaPaxxy - PvE pick
dimwishlist:item=3704653637&perks=599007201,2349202967,1749209109,3708227201
dimwishlist:item=3704653637&perks=436053704,2349202967,1749209109,3708227201
dimwishlist:item=3704653637&perks=938542991,2349202967,1749209109,3708227201
dimwishlist:item=3704653637&perks=1180618054,2349202967,1749209109,3708227201
dimwishlist:item=3704653637&perks=599007201,52780822,1749209109,3708227201
dimwishlist:item=3704653637&perks=436053704,52780822,1749209109,3708227201
dimwishlist:item=3704653637&perks=938542991,52780822,1749209109,3708227201
dimwishlist:item=3704653637&perks=1180618054,52780822,1749209109,3708227201
dimwishlist:item=3704653637&perks=599007201,2349202967,2590710093,3708227201
dimwishlist:item=3704653637&perks=436053704,2349202967,2590710093,3708227201
dimwishlist:item=3704653637&perks=938542991,2349202967,2590710093,3708227201
dimwishlist:item=3704653637&perks=1180618054,2349202967,2590710093,3708227201
dimwishlist:item=3704653637&perks=599007201,52780822,2590710093,3708227201
dimwishlist:item=3704653637&perks=436053704,52780822,2590710093,3708227201
dimwishlist:item=3704653637&perks=938542991,52780822,2590710093,3708227201
dimwishlist:item=3704653637&perks=1180618054,52780822,2590710093,3708227201
dimwishlist:item=3704653637&perks=599007201,2349202967,1749209109,3913600130
dimwishlist:item=3704653637&perks=436053704,2349202967,1749209109,3913600130
dimwishlist:item=3704653637&perks=938542991,2349202967,1749209109,3913600130
dimwishlist:item=3704653637&perks=1180618054,2349202967,1749209109,3913600130
dimwishlist:item=3704653637&perks=599007201,52780822,1749209109,3913600130
dimwishlist:item=3704653637&perks=436053704,52780822,1749209109,3913600130
dimwishlist:item=3704653637&perks=938542991,52780822,1749209109,3913600130
dimwishlist:item=3704653637&perks=1180618054,52780822,1749209109,3913600130
dimwishlist:item=3704653637&perks=599007201,2349202967,2590710093,3913600130
dimwishlist:item=3704653637&perks=436053704,2349202967,2590710093,3913600130
dimwishlist:item=3704653637&perks=938542991,2349202967,2590710093,3913600130
dimwishlist:item=3704653637&perks=1180618054,2349202967,2590710093,3913600130
dimwishlist:item=3704653637&perks=599007201,52780822,2590710093,3913600130
dimwishlist:item=3704653637&perks=436053704,52780822,2590710093,3913600130
dimwishlist:item=3704653637&perks=938542991,52780822,2590710093,3913600130
dimwishlist:item=3704653637&perks=1180618054,52780822,2590710093,3913600130
