// u/pandapaxxy 's Penumbra weapons breakdown - PvP edition
// https://docs.google.com/spreadsheets/d/1wZkZCt6YeMEkZ2-SxyLCUECVP_o_1wgsRPiC2LblkAM/edit#gid=0

//Revoker
dimwishlist:item=654608616&perks=1467527085,3142289711,957782887,136456835

//Hush
dimwishlist:item=1584643826&perks=1784898267,3827198035,47981717,3414324643

//Wendigo GL3
dimwishlist:item=578459533&perks=3798852852,3032599245,3300816228,3194351027

//Gahlran's Right Hand
dimwishlist:item=1286686760&perks=1467527085,1885400500,1890422124,3523296417
dimwishlist:item=1286686760&perks=3661387068,1885400500,1890422124,3523296417
dimwishlist:item=1286686760&perks=839105230,1885400500,1890422124,3523296417
dimwishlist:item=1286686760&perks=1467527085,1561002382,1890422124,3523296417
dimwishlist:item=1286686760&perks=3661387068,1561002382,1890422124,3523296417
dimwishlist:item=1286686760&perks=839105230,1561002382,1890422124,3523296417
dimwishlist:item=1286686760&perks=1467527085,1885400500,2387244414,3523296417
dimwishlist:item=1286686760&perks=3661387068,1885400500,2387244414,3523296417
dimwishlist:item=1286686760&perks=839105230,1885400500,2387244414,3523296417
dimwishlist:item=1286686760&perks=1467527085,1561002382,2387244414,3523296417
dimwishlist:item=1286686760&perks=3661387068,1561002382,2387244414,3523296417
dimwishlist:item=1286686760&perks=839105230,1561002382,2387244414,3523296417
dimwishlist:item=1286686760&perks=1467527085,1885400500,699525795,3523296417
dimwishlist:item=1286686760&perks=3661387068,1885400500,699525795,3523296417
dimwishlist:item=1286686760&perks=839105230,1885400500,699525795,3523296417
dimwishlist:item=1286686760&perks=1467527085,1561002382,699525795,3523296417
dimwishlist:item=1286686760&perks=3661387068,1561002382,699525795,3523296417
dimwishlist:item=1286686760&perks=839105230,1561002382,699525795,3523296417
dimwishlist:item=1286686760&perks=1467527085,1885400500,1890422124,205890336
dimwishlist:item=1286686760&perks=3661387068,1885400500,1890422124,205890336
dimwishlist:item=1286686760&perks=839105230,1885400500,1890422124,205890336
dimwishlist:item=1286686760&perks=1467527085,1561002382,1890422124,205890336
dimwishlist:item=1286686760&perks=3661387068,1561002382,1890422124,205890336
dimwishlist:item=1286686760&perks=839105230,1561002382,1890422124,205890336
dimwishlist:item=1286686760&perks=1467527085,1885400500,2387244414,205890336
dimwishlist:item=1286686760&perks=3661387068,1885400500,2387244414,205890336
dimwishlist:item=1286686760&perks=839105230,1885400500,2387244414,205890336
dimwishlist:item=1286686760&perks=1467527085,1561002382,2387244414,205890336
dimwishlist:item=1286686760&perks=3661387068,1561002382,2387244414,205890336
dimwishlist:item=1286686760&perks=839105230,1561002382,2387244414,205890336
dimwishlist:item=1286686760&perks=1467527085,1885400500,699525795,205890336
dimwishlist:item=1286686760&perks=3661387068,1885400500,699525795,205890336
dimwishlist:item=1286686760&perks=839105230,1885400500,699525795,205890336
dimwishlist:item=1286686760&perks=1467527085,1561002382,699525795,205890336
dimwishlist:item=1286686760&perks=3661387068,1561002382,699525795,205890336
dimwishlist:item=1286686760&perks=839105230,1561002382,699525795,205890336
dimwishlist:item=1286686760&perks=1467527085,1885400500,1890422124,2846385770
dimwishlist:item=1286686760&perks=3661387068,1885400500,1890422124,2846385770
dimwishlist:item=1286686760&perks=839105230,1885400500,1890422124,2846385770
dimwishlist:item=1286686760&perks=1467527085,1561002382,1890422124,2846385770
dimwishlist:item=1286686760&perks=3661387068,1561002382,1890422124,2846385770
dimwishlist:item=1286686760&perks=839105230,1561002382,1890422124,2846385770
dimwishlist:item=1286686760&perks=1467527085,1885400500,2387244414,2846385770
dimwishlist:item=1286686760&perks=3661387068,1885400500,2387244414,2846385770
dimwishlist:item=1286686760&perks=839105230,1885400500,2387244414,2846385770
dimwishlist:item=1286686760&perks=1467527085,1561002382,2387244414,2846385770
dimwishlist:item=1286686760&perks=3661387068,1561002382,2387244414,2846385770
dimwishlist:item=1286686760&perks=839105230,1561002382,2387244414,2846385770
dimwishlist:item=1286686760&perks=1467527085,1885400500,699525795,2846385770
dimwishlist:item=1286686760&perks=3661387068,1885400500,699525795,2846385770
dimwishlist:item=1286686760&perks=839105230,1885400500,699525795,2846385770
dimwishlist:item=1286686760&perks=1467527085,1561002382,699525795,2846385770
dimwishlist:item=1286686760&perks=3661387068,1561002382,699525795,2846385770
dimwishlist:item=1286686760&perks=839105230,1561002382,699525795,2846385770

//Austringer
dimwishlist:item=2429822977&perks=202670084,3142289711,1168162263,2846385770
dimwishlist:item=2429822977&perks=3250034553,3142289711,1168162263,2846385770
dimwishlist:item=2429822977&perks=1467527085,3142289711,1168162263,2846385770
dimwishlist:item=2429822977&perks=202670084,106909392,1168162263,2846385770
dimwishlist:item=2429822977&perks=3250034553,106909392,1168162263,2846385770
dimwishlist:item=2429822977&perks=1467527085,106909392,1168162263,2846385770
dimwishlist:item=2429822977&perks=202670084,3142289711,699525795,2846385770
dimwishlist:item=2429822977&perks=3250034553,3142289711,699525795,2846385770
dimwishlist:item=2429822977&perks=1467527085,3142289711,699525795,2846385770
dimwishlist:item=2429822977&perks=202670084,106909392,699525795,2846385770
dimwishlist:item=2429822977&perks=3250034553,106909392,699525795,2846385770
dimwishlist:item=2429822977&perks=1467527085,106909392,699525795,2846385770
dimwishlist:item=2429822977&perks=202670084,3142289711,3124871000,2846385770
dimwishlist:item=2429822977&perks=3250034553,3142289711,3124871000,2846385770
dimwishlist:item=2429822977&perks=1467527085,3142289711,3124871000,2846385770
dimwishlist:item=2429822977&perks=202670084,106909392,3124871000,2846385770
dimwishlist:item=2429822977&perks=3250034553,106909392,3124871000,2846385770
dimwishlist:item=2429822977&perks=1467527085,106909392,3124871000,2846385770
dimwishlist:item=2429822977&perks=202670084,3142289711,1168162263,47981717
dimwishlist:item=2429822977&perks=3250034553,3142289711,1168162263,47981717
dimwishlist:item=2429822977&perks=1467527085,3142289711,1168162263,47981717
dimwishlist:item=2429822977&perks=202670084,106909392,1168162263,47981717
dimwishlist:item=2429822977&perks=3250034553,106909392,1168162263,47981717
dimwishlist:item=2429822977&perks=1467527085,106909392,1168162263,47981717
dimwishlist:item=2429822977&perks=202670084,3142289711,699525795,47981717
dimwishlist:item=2429822977&perks=3250034553,3142289711,699525795,47981717
dimwishlist:item=2429822977&perks=1467527085,3142289711,699525795,47981717
dimwishlist:item=2429822977&perks=202670084,106909392,699525795,47981717
dimwishlist:item=2429822977&perks=3250034553,106909392,699525795,47981717
dimwishlist:item=2429822977&perks=1467527085,106909392,699525795,47981717
dimwishlist:item=2429822977&perks=202670084,3142289711,3124871000,47981717
dimwishlist:item=2429822977&perks=3250034553,3142289711,3124871000,47981717
dimwishlist:item=2429822977&perks=1467527085,3142289711,3124871000,47981717
dimwishlist:item=2429822977&perks=202670084,106909392,3124871000,47981717
dimwishlist:item=2429822977&perks=3250034553,106909392,3124871000,47981717
dimwishlist:item=2429822977&perks=1467527085,106909392,3124871000,47981717
dimwishlist:item=2429822977&perks=202670084,3142289711,1168162263,3523296417
dimwishlist:item=2429822977&perks=3250034553,3142289711,1168162263,3523296417
dimwishlist:item=2429822977&perks=1467527085,3142289711,1168162263,3523296417
dimwishlist:item=2429822977&perks=202670084,106909392,1168162263,3523296417
dimwishlist:item=2429822977&perks=3250034553,106909392,1168162263,3523296417
dimwishlist:item=2429822977&perks=1467527085,106909392,1168162263,3523296417
dimwishlist:item=2429822977&perks=202670084,3142289711,699525795,3523296417
dimwishlist:item=2429822977&perks=3250034553,3142289711,699525795,3523296417
dimwishlist:item=2429822977&perks=1467527085,3142289711,699525795,3523296417
dimwishlist:item=2429822977&perks=202670084,106909392,699525795,3523296417
dimwishlist:item=2429822977&perks=3250034553,106909392,699525795,3523296417
dimwishlist:item=2429822977&perks=1467527085,106909392,699525795,3523296417
dimwishlist:item=2429822977&perks=202670084,3142289711,3124871000,3523296417
dimwishlist:item=2429822977&perks=3250034553,3142289711,3124871000,3523296417
dimwishlist:item=2429822977&perks=1467527085,3142289711,3124871000,3523296417
dimwishlist:item=2429822977&perks=202670084,106909392,3124871000,3523296417
dimwishlist:item=2429822977&perks=3250034553,106909392,3124871000,3523296417
dimwishlist:item=2429822977&perks=1467527085,106909392,3124871000,3523296417

//Calusea Noblesse
dimwishlist:item=2338088853&perks=1840239774,3177308360,2387244414,3425386926
dimwishlist:item=2338088853&perks=3661387068,3177308360,2387244414,3425386926
dimwishlist:item=2338088853&perks=839105230,3177308360,2387244414,3425386926
dimwishlist:item=2338088853&perks=1840239774,106909392,2387244414,3425386926
dimwishlist:item=2338088853&perks=3661387068,106909392,2387244414,3425386926
dimwishlist:item=2338088853&perks=839105230,106909392,2387244414,3425386926
dimwishlist:item=2338088853&perks=1840239774,3177308360,588594999,3425386926
dimwishlist:item=2338088853&perks=3661387068,3177308360,588594999,3425386926
dimwishlist:item=2338088853&perks=839105230,3177308360,588594999,3425386926
dimwishlist:item=2338088853&perks=1840239774,106909392,588594999,3425386926
dimwishlist:item=2338088853&perks=3661387068,106909392,588594999,3425386926
dimwishlist:item=2338088853&perks=839105230,106909392,588594999,3425386926
dimwishlist:item=2338088853&perks=1840239774,3177308360,1168162263,3425386926
dimwishlist:item=2338088853&perks=3661387068,3177308360,1168162263,3425386926
dimwishlist:item=2338088853&perks=839105230,3177308360,1168162263,3425386926
dimwishlist:item=2338088853&perks=1840239774,106909392,1168162263,3425386926
dimwishlist:item=2338088853&perks=3661387068,106909392,1168162263,3425386926
dimwishlist:item=2338088853&perks=839105230,106909392,1168162263,3425386926
dimwishlist:item=2338088853&perks=1840239774,3177308360,3124871000,3425386926
dimwishlist:item=2338088853&perks=3661387068,3177308360,3124871000,3425386926
dimwishlist:item=2338088853&perks=839105230,3177308360,3124871000,3425386926
dimwishlist:item=2338088853&perks=1840239774,106909392,3124871000,3425386926
dimwishlist:item=2338088853&perks=3661387068,106909392,3124871000,3425386926
dimwishlist:item=2338088853&perks=839105230,106909392,3124871000,3425386926
dimwishlist:item=2338088853&perks=1840239774,3177308360,2387244414,2848615171
dimwishlist:item=2338088853&perks=3661387068,3177308360,2387244414,2848615171
dimwishlist:item=2338088853&perks=839105230,3177308360,2387244414,2848615171
dimwishlist:item=2338088853&perks=1840239774,106909392,2387244414,2848615171
dimwishlist:item=2338088853&perks=3661387068,106909392,2387244414,2848615171
dimwishlist:item=2338088853&perks=839105230,106909392,2387244414,2848615171
dimwishlist:item=2338088853&perks=1840239774,3177308360,588594999,2848615171
dimwishlist:item=2338088853&perks=3661387068,3177308360,588594999,2848615171
dimwishlist:item=2338088853&perks=839105230,3177308360,588594999,2848615171
dimwishlist:item=2338088853&perks=1840239774,106909392,588594999,2848615171
dimwishlist:item=2338088853&perks=3661387068,106909392,588594999,2848615171
dimwishlist:item=2338088853&perks=839105230,106909392,588594999,2848615171
dimwishlist:item=2338088853&perks=1840239774,3177308360,1168162263,2848615171
dimwishlist:item=2338088853&perks=3661387068,3177308360,1168162263,2848615171
dimwishlist:item=2338088853&perks=839105230,3177308360,1168162263,2848615171
dimwishlist:item=2338088853&perks=1840239774,106909392,1168162263,2848615171
dimwishlist:item=2338088853&perks=3661387068,106909392,1168162263,2848615171
dimwishlist:item=2338088853&perks=839105230,106909392,1168162263,2848615171
dimwishlist:item=2338088853&perks=1840239774,3177308360,3124871000,2848615171
dimwishlist:item=2338088853&perks=3661387068,3177308360,3124871000,2848615171
dimwishlist:item=2338088853&perks=839105230,3177308360,3124871000,2848615171
dimwishlist:item=2338088853&perks=1840239774,106909392,3124871000,2848615171
dimwishlist:item=2338088853&perks=3661387068,106909392,3124871000,2848615171
dimwishlist:item=2338088853&perks=839105230,106909392,3124871000,2848615171

//Drang (Baroque)
dimwishlist:item=79075821&perks=202670084,1885400500,706527188,4082225868
dimwishlist:item=79075821&perks=1467527085,1885400500,706527188,4082225868
dimwishlist:item=79075821&perks=3250034553,1885400500,706527188,4082225868
dimwishlist:item=79075821&perks=202670084,1561002382,706527188,4082225868
dimwishlist:item=79075821&perks=1467527085,1561002382,706527188,4082225868
dimwishlist:item=79075821&perks=3250034553,1561002382,706527188,4082225868
dimwishlist:item=79075821&perks=202670084,679225683,706527188,4082225868
dimwishlist:item=79075821&perks=1467527085,679225683,706527188,4082225868
dimwishlist:item=79075821&perks=3250034553,679225683,706527188,4082225868
dimwishlist:item=79075821&perks=202670084,1885400500,588594999,4082225868
dimwishlist:item=79075821&perks=1467527085,1885400500,588594999,4082225868
dimwishlist:item=79075821&perks=3250034553,1885400500,588594999,4082225868
dimwishlist:item=79075821&perks=202670084,1561002382,588594999,4082225868
dimwishlist:item=79075821&perks=1467527085,1561002382,588594999,4082225868
dimwishlist:item=79075821&perks=3250034553,1561002382,588594999,4082225868
dimwishlist:item=79075821&perks=202670084,679225683,588594999,4082225868
dimwishlist:item=79075821&perks=1467527085,679225683,588594999,4082225868
dimwishlist:item=79075821&perks=3250034553,679225683,588594999,4082225868
dimwishlist:item=79075821&perks=202670084,1885400500,699525795,4082225868
dimwishlist:item=79075821&perks=1467527085,1885400500,699525795,4082225868
dimwishlist:item=79075821&perks=3250034553,1885400500,699525795,4082225868
dimwishlist:item=79075821&perks=202670084,1561002382,699525795,4082225868
dimwishlist:item=79075821&perks=1467527085,1561002382,699525795,4082225868
dimwishlist:item=79075821&perks=3250034553,1561002382,699525795,4082225868
dimwishlist:item=79075821&perks=202670084,679225683,699525795,4082225868
dimwishlist:item=79075821&perks=1467527085,679225683,699525795,4082225868
dimwishlist:item=79075821&perks=3250034553,679225683,699525795,4082225868
dimwishlist:item=79075821&perks=202670084,1885400500,706527188,3425386926
dimwishlist:item=79075821&perks=1467527085,1885400500,706527188,3425386926
dimwishlist:item=79075821&perks=3250034553,1885400500,706527188,3425386926
dimwishlist:item=79075821&perks=202670084,1561002382,706527188,3425386926
dimwishlist:item=79075821&perks=1467527085,1561002382,706527188,3425386926
dimwishlist:item=79075821&perks=3250034553,1561002382,706527188,3425386926
dimwishlist:item=79075821&perks=202670084,679225683,706527188,3425386926
dimwishlist:item=79075821&perks=1467527085,679225683,706527188,3425386926
dimwishlist:item=79075821&perks=3250034553,679225683,706527188,3425386926
dimwishlist:item=79075821&perks=202670084,1885400500,588594999,3425386926
dimwishlist:item=79075821&perks=1467527085,1885400500,588594999,3425386926
dimwishlist:item=79075821&perks=3250034553,1885400500,588594999,3425386926
dimwishlist:item=79075821&perks=202670084,1561002382,588594999,3425386926
dimwishlist:item=79075821&perks=1467527085,1561002382,588594999,3425386926
dimwishlist:item=79075821&perks=3250034553,1561002382,588594999,3425386926
dimwishlist:item=79075821&perks=202670084,679225683,588594999,3425386926
dimwishlist:item=79075821&perks=1467527085,679225683,588594999,3425386926
dimwishlist:item=79075821&perks=3250034553,679225683,588594999,3425386926
dimwishlist:item=79075821&perks=202670084,1885400500,699525795,3425386926
dimwishlist:item=79075821&perks=1467527085,1885400500,699525795,3425386926
dimwishlist:item=79075821&perks=3250034553,1885400500,699525795,3425386926
dimwishlist:item=79075821&perks=202670084,1561002382,699525795,3425386926
dimwishlist:item=79075821&perks=1467527085,1561002382,699525795,3425386926
dimwishlist:item=79075821&perks=3250034553,1561002382,699525795,3425386926
dimwishlist:item=79075821&perks=202670084,679225683,699525795,3425386926
dimwishlist:item=79075821&perks=1467527085,679225683,699525795,3425386926
dimwishlist:item=79075821&perks=3250034553,679225683,699525795,3425386926
dimwishlist:item=79075821&perks=202670084,1885400500,706527188,2387244414
dimwishlist:item=79075821&perks=1467527085,1885400500,706527188,2387244414
dimwishlist:item=79075821&perks=3250034553,1885400500,706527188,2387244414
dimwishlist:item=79075821&perks=202670084,1561002382,706527188,2387244414
dimwishlist:item=79075821&perks=1467527085,1561002382,706527188,2387244414
dimwishlist:item=79075821&perks=3250034553,1561002382,706527188,2387244414
dimwishlist:item=79075821&perks=202670084,679225683,706527188,2387244414
dimwishlist:item=79075821&perks=1467527085,679225683,706527188,2387244414
dimwishlist:item=79075821&perks=3250034553,679225683,706527188,2387244414
dimwishlist:item=79075821&perks=202670084,1885400500,588594999,2387244414
dimwishlist:item=79075821&perks=1467527085,1885400500,588594999,2387244414
dimwishlist:item=79075821&perks=3250034553,1885400500,588594999,2387244414
dimwishlist:item=79075821&perks=202670084,1561002382,588594999,2387244414
dimwishlist:item=79075821&perks=1467527085,1561002382,588594999,2387244414
dimwishlist:item=79075821&perks=3250034553,1561002382,588594999,2387244414
dimwishlist:item=79075821&perks=202670084,679225683,588594999,2387244414
dimwishlist:item=79075821&perks=1467527085,679225683,588594999,2387244414
dimwishlist:item=79075821&perks=3250034553,679225683,588594999,2387244414
dimwishlist:item=79075821&perks=202670084,1885400500,699525795,2387244414
dimwishlist:item=79075821&perks=1467527085,1885400500,699525795,2387244414
dimwishlist:item=79075821&perks=3250034553,1885400500,699525795,2387244414
dimwishlist:item=79075821&perks=202670084,1561002382,699525795,2387244414
dimwishlist:item=79075821&perks=1467527085,1561002382,699525795,2387244414
dimwishlist:item=79075821&perks=3250034553,1561002382,699525795,2387244414
dimwishlist:item=79075821&perks=202670084,679225683,699525795,2387244414
dimwishlist:item=79075821&perks=1467527085,679225683,699525795,2387244414
dimwishlist:item=79075821&perks=3250034553,679225683,699525795,2387244414

//Calus Mini-Tool
dimwishlist:item=174192097&perks=3250034553,1885400500,588594999,1890422124
dimwishlist:item=174192097&perks=1467527085,1885400500,588594999,1890422124
dimwishlist:item=174192097&perks=1482024992,1885400500,588594999,1890422124
dimwishlist:item=174192097&perks=3250034553,1885400500,2039302152,1890422124
dimwishlist:item=174192097&perks=1467527085,1885400500,2039302152,1890422124
dimwishlist:item=174192097&perks=1482024992,1885400500,2039302152,1890422124
dimwishlist:item=174192097&perks=3250034553,1885400500,588594999,2779035018
dimwishlist:item=174192097&perks=1467527085,1885400500,588594999,2779035018
dimwishlist:item=174192097&perks=1482024992,1885400500,588594999,2779035018
dimwishlist:item=174192097&perks=3250034553,1885400500,2039302152,2779035018
dimwishlist:item=174192097&perks=1467527085,1885400500,2039302152,2779035018
dimwishlist:item=174192097&perks=1482024992,1885400500,2039302152,2779035018
dimwishlist:item=174192097&perks=3250034553,1885400500,588594999,1683379515
dimwishlist:item=174192097&perks=1467527085,1885400500,588594999,1683379515
dimwishlist:item=174192097&perks=1482024992,1885400500,588594999,1683379515
dimwishlist:item=174192097&perks=3250034553,1885400500,2039302152,1683379515
dimwishlist:item=174192097&perks=1467527085,1885400500,2039302152,1683379515
dimwishlist:item=174192097&perks=1482024992,1885400500,2039302152,1683379515
dimwishlist:item=174192097&perks=3250034553,1885400500,588594999,3871884143
dimwishlist:item=174192097&perks=1467527085,1885400500,588594999,3871884143
dimwishlist:item=174192097&perks=1482024992,1885400500,588594999,3871884143
dimwishlist:item=174192097&perks=3250034553,1885400500,2039302152,3871884143
dimwishlist:item=174192097&perks=1467527085,1885400500,2039302152,3871884143
dimwishlist:item=174192097&perks=1482024992,1885400500,2039302152,3871884143

//The Epicurean
dimwishlist:item=4124357815&perks=202670084,2969185026,1890422124,2846385770
dimwishlist:item=4124357815&perks=3250034553,2969185026,1890422124,2846385770
dimwishlist:item=4124357815&perks=1482024992,2969185026,1890422124,2846385770
dimwishlist:item=4124357815&perks=202670084,1687452232,1890422124,2846385770
dimwishlist:item=4124357815&perks=3250034553,1687452232,1890422124,2846385770
dimwishlist:item=4124357815&perks=1482024992,1687452232,1890422124,2846385770
dimwishlist:item=4124357815&perks=202670084,2969185026,706527188,2846385770
dimwishlist:item=4124357815&perks=3250034553,2969185026,706527188,2846385770
dimwishlist:item=4124357815&perks=1482024992,2969185026,706527188,2846385770
dimwishlist:item=4124357815&perks=202670084,1687452232,706527188,2846385770
dimwishlist:item=4124357815&perks=3250034553,1687452232,706527188,2846385770
dimwishlist:item=4124357815&perks=1482024992,1687452232,706527188,2846385770
dimwishlist:item=4124357815&perks=202670084,2969185026,2779035018,2846385770
dimwishlist:item=4124357815&perks=3250034553,2969185026,2779035018,2846385770
dimwishlist:item=4124357815&perks=1482024992,2969185026,2779035018,2846385770
dimwishlist:item=4124357815&perks=202670084,1687452232,2779035018,2846385770
dimwishlist:item=4124357815&perks=3250034553,1687452232,2779035018,2846385770
dimwishlist:item=4124357815&perks=1482024992,1687452232,2779035018,2846385770
dimwishlist:item=4124357815&perks=202670084,2969185026,1645158859,2846385770
dimwishlist:item=4124357815&perks=3250034553,2969185026,1645158859,2846385770
dimwishlist:item=4124357815&perks=1482024992,2969185026,1645158859,2846385770
dimwishlist:item=4124357815&perks=202670084,1687452232,1645158859,2846385770
dimwishlist:item=4124357815&perks=3250034553,1687452232,1645158859,2846385770
dimwishlist:item=4124357815&perks=1482024992,1687452232,1645158859,2846385770
dimwishlist:item=4124357815&perks=202670084,2969185026,1890422124,1600092898
dimwishlist:item=4124357815&perks=3250034553,2969185026,1890422124,1600092898
dimwishlist:item=4124357815&perks=1482024992,2969185026,1890422124,1600092898
dimwishlist:item=4124357815&perks=202670084,1687452232,1890422124,1600092898
dimwishlist:item=4124357815&perks=3250034553,1687452232,1890422124,1600092898
dimwishlist:item=4124357815&perks=1482024992,1687452232,1890422124,1600092898
dimwishlist:item=4124357815&perks=202670084,2969185026,706527188,1600092898
dimwishlist:item=4124357815&perks=3250034553,2969185026,706527188,1600092898
dimwishlist:item=4124357815&perks=1482024992,2969185026,706527188,1600092898
dimwishlist:item=4124357815&perks=202670084,1687452232,706527188,1600092898
dimwishlist:item=4124357815&perks=3250034553,1687452232,706527188,1600092898
dimwishlist:item=4124357815&perks=1482024992,1687452232,706527188,1600092898
dimwishlist:item=4124357815&perks=202670084,2969185026,2779035018,1600092898
dimwishlist:item=4124357815&perks=3250034553,2969185026,2779035018,1600092898
dimwishlist:item=4124357815&perks=1482024992,2969185026,2779035018,1600092898
dimwishlist:item=4124357815&perks=202670084,1687452232,2779035018,1600092898
dimwishlist:item=4124357815&perks=3250034553,1687452232,2779035018,1600092898
dimwishlist:item=4124357815&perks=1482024992,1687452232,2779035018,1600092898
dimwishlist:item=4124357815&perks=202670084,2969185026,1645158859,1600092898
dimwishlist:item=4124357815&perks=3250034553,2969185026,1645158859,1600092898
dimwishlist:item=4124357815&perks=1482024992,2969185026,1645158859,1600092898
dimwishlist:item=4124357815&perks=202670084,1687452232,1645158859,1600092898
dimwishlist:item=4124357815&perks=3250034553,1687452232,1645158859,1600092898
dimwishlist:item=4124357815&perks=1482024992,1687452232,1645158859,1600092898
dimwishlist:item=4124357815&perks=202670084,2969185026,1890422124,3523296417
dimwishlist:item=4124357815&perks=3250034553,2969185026,1890422124,3523296417
dimwishlist:item=4124357815&perks=1482024992,2969185026,1890422124,3523296417
dimwishlist:item=4124357815&perks=202670084,1687452232,1890422124,3523296417
dimwishlist:item=4124357815&perks=3250034553,1687452232,1890422124,3523296417
dimwishlist:item=4124357815&perks=1482024992,1687452232,1890422124,3523296417
dimwishlist:item=4124357815&perks=202670084,2969185026,706527188,3523296417
dimwishlist:item=4124357815&perks=3250034553,2969185026,706527188,3523296417
dimwishlist:item=4124357815&perks=1482024992,2969185026,706527188,3523296417
dimwishlist:item=4124357815&perks=202670084,1687452232,706527188,3523296417
dimwishlist:item=4124357815&perks=3250034553,1687452232,706527188,3523296417
dimwishlist:item=4124357815&perks=1482024992,1687452232,706527188,3523296417
dimwishlist:item=4124357815&perks=202670084,2969185026,2779035018,3523296417
dimwishlist:item=4124357815&perks=3250034553,2969185026,2779035018,3523296417
dimwishlist:item=4124357815&perks=1482024992,2969185026,2779035018,3523296417
dimwishlist:item=4124357815&perks=202670084,1687452232,2779035018,3523296417
dimwishlist:item=4124357815&perks=3250034553,1687452232,2779035018,3523296417
dimwishlist:item=4124357815&perks=1482024992,1687452232,2779035018,3523296417
dimwishlist:item=4124357815&perks=202670084,2969185026,1645158859,3523296417
dimwishlist:item=4124357815&perks=3250034553,2969185026,1645158859,3523296417
dimwishlist:item=4124357815&perks=1482024992,2969185026,1645158859,3523296417
dimwishlist:item=4124357815&perks=202670084,1687452232,1645158859,3523296417
dimwishlist:item=4124357815&perks=3250034553,1687452232,1645158859,3523296417
dimwishlist:item=4124357815&perks=1482024992,1687452232,1645158859,3523296417
dimwishlist:item=4124357815&perks=202670084,2969185026,1890422124,4082225868
dimwishlist:item=4124357815&perks=3250034553,2969185026,1890422124,4082225868
dimwishlist:item=4124357815&perks=1482024992,2969185026,1890422124,4082225868
dimwishlist:item=4124357815&perks=202670084,1687452232,1890422124,4082225868
dimwishlist:item=4124357815&perks=3250034553,1687452232,1890422124,4082225868
dimwishlist:item=4124357815&perks=1482024992,1687452232,1890422124,4082225868
dimwishlist:item=4124357815&perks=202670084,2969185026,706527188,4082225868
dimwishlist:item=4124357815&perks=3250034553,2969185026,706527188,4082225868
dimwishlist:item=4124357815&perks=1482024992,2969185026,706527188,4082225868
dimwishlist:item=4124357815&perks=202670084,1687452232,706527188,4082225868
dimwishlist:item=4124357815&perks=3250034553,1687452232,706527188,4082225868
dimwishlist:item=4124357815&perks=1482024992,1687452232,706527188,4082225868
dimwishlist:item=4124357815&perks=202670084,2969185026,2779035018,4082225868
dimwishlist:item=4124357815&perks=3250034553,2969185026,2779035018,4082225868
dimwishlist:item=4124357815&perks=1482024992,2969185026,2779035018,4082225868
dimwishlist:item=4124357815&perks=202670084,1687452232,2779035018,4082225868
dimwishlist:item=4124357815&perks=3250034553,1687452232,2779035018,4082225868
dimwishlist:item=4124357815&perks=1482024992,1687452232,2779035018,4082225868
dimwishlist:item=4124357815&perks=202670084,2969185026,1645158859,4082225868
dimwishlist:item=4124357815&perks=3250034553,2969185026,1645158859,4082225868
dimwishlist:item=4124357815&perks=1482024992,2969185026,1645158859,4082225868
dimwishlist:item=4124357815&perks=202670084,1687452232,1645158859,4082225868
dimwishlist:item=4124357815&perks=3250034553,1687452232,1645158859,4082225868
dimwishlist:item=4124357815&perks=1482024992,1687452232,1645158859,4082225868

//Imperial Decree
dimwishlist:item=2919334548&perks=1047830412,3142289711,3161816588,4082225868
dimwishlist:item=2919334548&perks=1332244541,3142289711,3161816588,4082225868
dimwishlist:item=2919334548&perks=1047830412,3142289711,2779035018,4082225868
dimwishlist:item=2919334548&perks=1332244541,3142289711,2779035018,4082225868
dimwishlist:item=2919334548&perks=1047830412,3142289711,3161816588,957782887
dimwishlist:item=2919334548&perks=1332244541,3142289711,3161816588,957782887
dimwishlist:item=2919334548&perks=1047830412,3142289711,2779035018,957782887
dimwishlist:item=2919334548&perks=1332244541,3142289711,2779035018,957782887
dimwishlist:item=2919334548&perks=1047830412,3142289711,3161816588,3425386926
dimwishlist:item=2919334548&perks=1332244541,3142289711,3161816588,3425386926
dimwishlist:item=2919334548&perks=1047830412,3142289711,2779035018,3425386926
dimwishlist:item=2919334548&perks=1332244541,3142289711,2779035018,3425386926

//Emperor's Courtesy
dimwishlist:item=3861448240&perks=1047830412,3142289711,706527188,47981717
dimwishlist:item=3861448240&perks=1332244541,3142289711,706527188,47981717
dimwishlist:item=3861448240&perks=1047830412,3142289711,957782887,47981717
dimwishlist:item=3861448240&perks=1332244541,3142289711,957782887,47981717
dimwishlist:item=3861448240&perks=1047830412,3142289711,706527188,4082225868
dimwishlist:item=3861448240&perks=1332244541,3142289711,706527188,4082225868
dimwishlist:item=3861448240&perks=1047830412,3142289711,957782887,4082225868
dimwishlist:item=3861448240&perks=1332244541,3142289711,957782887,4082225868
dimwishlist:item=3861448240&perks=1047830412,3142289711,706527188,3161816588
dimwishlist:item=3861448240&perks=1332244541,3142289711,706527188,3161816588
dimwishlist:item=3861448240&perks=1047830412,3142289711,957782887,3161816588
dimwishlist:item=3861448240&perks=1332244541,3142289711,957782887,3161816588
dimwishlist:item=3861448240&perks=1047830412,3142289711,706527188,3425386926
dimwishlist:item=3861448240&perks=1332244541,3142289711,706527188,3425386926
dimwishlist:item=3861448240&perks=1047830412,3142289711,957782887,3425386926
dimwishlist:item=3861448240&perks=1332244541,3142289711,957782887,3425386926
dimwishlist:item=3861448240&perks=1047830412,3142289711,706527188,3708227201
dimwishlist:item=3861448240&perks=1332244541,3142289711,706527188,3708227201
dimwishlist:item=3861448240&perks=1047830412,3142289711,957782887,3708227201
dimwishlist:item=3861448240&perks=1332244541,3142289711,957782887,3708227201

//Gunnora's Axe
dimwishlist:item=2326716489&perks=1840239774,3142289711,706527188,47981717
dimwishlist:item=2326716489&perks=3250034553,3142289711,706527188,47981717
dimwishlist:item=2326716489&perks=1482024992,3142289711,706527188,47981717
dimwishlist:item=2326716489&perks=202670084,3142289711,706527188,47981717
dimwishlist:item=2326716489&perks=1840239774,791862061,706527188,47981717
dimwishlist:item=2326716489&perks=3250034553,791862061,706527188,47981717
dimwishlist:item=2326716489&perks=1482024992,791862061,706527188,47981717
dimwishlist:item=2326716489&perks=202670084,791862061,706527188,47981717
dimwishlist:item=2326716489&perks=1840239774,679225683,706527188,47981717
dimwishlist:item=2326716489&perks=3250034553,679225683,706527188,47981717
dimwishlist:item=2326716489&perks=1482024992,679225683,706527188,47981717
dimwishlist:item=2326716489&perks=202670084,679225683,706527188,47981717
dimwishlist:item=2326716489&perks=1840239774,3142289711,1168162263,47981717
dimwishlist:item=2326716489&perks=3250034553,3142289711,1168162263,47981717
dimwishlist:item=2326716489&perks=1482024992,3142289711,1168162263,47981717
dimwishlist:item=2326716489&perks=202670084,3142289711,1168162263,47981717
dimwishlist:item=2326716489&perks=1840239774,791862061,1168162263,47981717
dimwishlist:item=2326716489&perks=3250034553,791862061,1168162263,47981717
dimwishlist:item=2326716489&perks=1482024992,791862061,1168162263,47981717
dimwishlist:item=2326716489&perks=202670084,791862061,1168162263,47981717
dimwishlist:item=2326716489&perks=1840239774,679225683,1168162263,47981717
dimwishlist:item=2326716489&perks=3250034553,679225683,1168162263,47981717
dimwishlist:item=2326716489&perks=1482024992,679225683,1168162263,47981717
dimwishlist:item=2326716489&perks=202670084,679225683,1168162263,47981717
dimwishlist:item=2326716489&perks=1840239774,3142289711,3124871000,47981717
dimwishlist:item=2326716489&perks=3250034553,3142289711,3124871000,47981717
dimwishlist:item=2326716489&perks=1482024992,3142289711,3124871000,47981717
dimwishlist:item=2326716489&perks=202670084,3142289711,3124871000,47981717
dimwishlist:item=2326716489&perks=1840239774,791862061,3124871000,47981717
dimwishlist:item=2326716489&perks=3250034553,791862061,3124871000,47981717
dimwishlist:item=2326716489&perks=1482024992,791862061,3124871000,47981717
dimwishlist:item=2326716489&perks=202670084,791862061,3124871000,47981717
dimwishlist:item=2326716489&perks=1840239774,679225683,3124871000,47981717
dimwishlist:item=2326716489&perks=3250034553,679225683,3124871000,47981717
dimwishlist:item=2326716489&perks=1482024992,679225683,3124871000,47981717
dimwishlist:item=2326716489&perks=202670084,679225683,3124871000,47981717
dimwishlist:item=2326716489&perks=1840239774,3142289711,706527188,4082225868
dimwishlist:item=2326716489&perks=3250034553,3142289711,706527188,4082225868
dimwishlist:item=2326716489&perks=1482024992,3142289711,706527188,4082225868
dimwishlist:item=2326716489&perks=202670084,3142289711,706527188,4082225868
dimwishlist:item=2326716489&perks=1840239774,791862061,706527188,4082225868
dimwishlist:item=2326716489&perks=3250034553,791862061,706527188,4082225868
dimwishlist:item=2326716489&perks=1482024992,791862061,706527188,4082225868
dimwishlist:item=2326716489&perks=202670084,791862061,706527188,4082225868
dimwishlist:item=2326716489&perks=1840239774,679225683,706527188,4082225868
dimwishlist:item=2326716489&perks=3250034553,679225683,706527188,4082225868
dimwishlist:item=2326716489&perks=1482024992,679225683,706527188,4082225868
dimwishlist:item=2326716489&perks=202670084,679225683,706527188,4082225868
dimwishlist:item=2326716489&perks=1840239774,3142289711,1168162263,4082225868
dimwishlist:item=2326716489&perks=3250034553,3142289711,1168162263,4082225868
dimwishlist:item=2326716489&perks=1482024992,3142289711,1168162263,4082225868
dimwishlist:item=2326716489&perks=202670084,3142289711,1168162263,4082225868
dimwishlist:item=2326716489&perks=1840239774,791862061,1168162263,4082225868
dimwishlist:item=2326716489&perks=3250034553,791862061,1168162263,4082225868
dimwishlist:item=2326716489&perks=1482024992,791862061,1168162263,4082225868
dimwishlist:item=2326716489&perks=202670084,791862061,1168162263,4082225868
dimwishlist:item=2326716489&perks=1840239774,679225683,1168162263,4082225868
dimwishlist:item=2326716489&perks=3250034553,679225683,1168162263,4082225868
dimwishlist:item=2326716489&perks=1482024992,679225683,1168162263,4082225868
dimwishlist:item=2326716489&perks=202670084,679225683,1168162263,4082225868
dimwishlist:item=2326716489&perks=1840239774,3142289711,3124871000,4082225868
dimwishlist:item=2326716489&perks=3250034553,3142289711,3124871000,4082225868
dimwishlist:item=2326716489&perks=1482024992,3142289711,3124871000,4082225868
dimwishlist:item=2326716489&perks=202670084,3142289711,3124871000,4082225868
dimwishlist:item=2326716489&perks=1840239774,791862061,3124871000,4082225868
dimwishlist:item=2326716489&perks=3250034553,791862061,3124871000,4082225868
dimwishlist:item=2326716489&perks=1482024992,791862061,3124871000,4082225868
dimwishlist:item=2326716489&perks=202670084,791862061,3124871000,4082225868
dimwishlist:item=2326716489&perks=1840239774,679225683,3124871000,4082225868
dimwishlist:item=2326716489&perks=3250034553,679225683,3124871000,4082225868
dimwishlist:item=2326716489&perks=1482024992,679225683,3124871000,4082225868
dimwishlist:item=2326716489&perks=202670084,679225683,3124871000,4082225868
dimwishlist:item=2326716489&perks=1840239774,3142289711,706527188,3523296417
dimwishlist:item=2326716489&perks=3250034553,3142289711,706527188,3523296417
dimwishlist:item=2326716489&perks=1482024992,3142289711,706527188,3523296417
dimwishlist:item=2326716489&perks=202670084,3142289711,706527188,3523296417
dimwishlist:item=2326716489&perks=1840239774,791862061,706527188,3523296417
dimwishlist:item=2326716489&perks=3250034553,791862061,706527188,3523296417
dimwishlist:item=2326716489&perks=1482024992,791862061,706527188,3523296417
dimwishlist:item=2326716489&perks=202670084,791862061,706527188,3523296417
dimwishlist:item=2326716489&perks=1840239774,679225683,706527188,3523296417
dimwishlist:item=2326716489&perks=3250034553,679225683,706527188,3523296417
dimwishlist:item=2326716489&perks=1482024992,679225683,706527188,3523296417
dimwishlist:item=2326716489&perks=202670084,679225683,706527188,3523296417
dimwishlist:item=2326716489&perks=1840239774,3142289711,1168162263,3523296417
dimwishlist:item=2326716489&perks=3250034553,3142289711,1168162263,3523296417
dimwishlist:item=2326716489&perks=1482024992,3142289711,1168162263,3523296417
dimwishlist:item=2326716489&perks=202670084,3142289711,1168162263,3523296417
dimwishlist:item=2326716489&perks=1840239774,791862061,1168162263,3523296417
dimwishlist:item=2326716489&perks=3250034553,791862061,1168162263,3523296417
dimwishlist:item=2326716489&perks=1482024992,791862061,1168162263,3523296417
dimwishlist:item=2326716489&perks=202670084,791862061,1168162263,3523296417
dimwishlist:item=2326716489&perks=1840239774,679225683,1168162263,3523296417
dimwishlist:item=2326716489&perks=3250034553,679225683,1168162263,3523296417
dimwishlist:item=2326716489&perks=1482024992,679225683,1168162263,3523296417
dimwishlist:item=2326716489&perks=202670084,679225683,1168162263,3523296417
dimwishlist:item=2326716489&perks=1840239774,3142289711,3124871000,3523296417
dimwishlist:item=2326716489&perks=3250034553,3142289711,3124871000,3523296417
dimwishlist:item=2326716489&perks=1482024992,3142289711,3124871000,3523296417
dimwishlist:item=2326716489&perks=202670084,3142289711,3124871000,3523296417
dimwishlist:item=2326716489&perks=1840239774,791862061,3124871000,3523296417
dimwishlist:item=2326716489&perks=3250034553,791862061,3124871000,3523296417
dimwishlist:item=2326716489&perks=1482024992,791862061,3124871000,3523296417
dimwishlist:item=2326716489&perks=202670084,791862061,3124871000,3523296417
dimwishlist:item=2326716489&perks=1840239774,679225683,3124871000,3523296417
dimwishlist:item=2326716489&perks=3250034553,679225683,3124871000,3523296417
dimwishlist:item=2326716489&perks=1482024992,679225683,3124871000,3523296417
dimwishlist:item=2326716489&perks=202670084,679225683,3124871000,3523296417
dimwishlist:item=2326716489&perks=1840239774,3142289711,706527188,3161816588
dimwishlist:item=2326716489&perks=3250034553,3142289711,706527188,3161816588
dimwishlist:item=2326716489&perks=1482024992,3142289711,706527188,3161816588
dimwishlist:item=2326716489&perks=202670084,3142289711,706527188,3161816588
dimwishlist:item=2326716489&perks=1840239774,791862061,706527188,3161816588
dimwishlist:item=2326716489&perks=3250034553,791862061,706527188,3161816588
dimwishlist:item=2326716489&perks=1482024992,791862061,706527188,3161816588
dimwishlist:item=2326716489&perks=202670084,791862061,706527188,3161816588
dimwishlist:item=2326716489&perks=1840239774,679225683,706527188,3161816588
dimwishlist:item=2326716489&perks=3250034553,679225683,706527188,3161816588
dimwishlist:item=2326716489&perks=1482024992,679225683,706527188,3161816588
dimwishlist:item=2326716489&perks=202670084,679225683,706527188,3161816588
dimwishlist:item=2326716489&perks=1840239774,3142289711,1168162263,3161816588
dimwishlist:item=2326716489&perks=3250034553,3142289711,1168162263,3161816588
dimwishlist:item=2326716489&perks=1482024992,3142289711,1168162263,3161816588
dimwishlist:item=2326716489&perks=202670084,3142289711,1168162263,3161816588
dimwishlist:item=2326716489&perks=1840239774,791862061,1168162263,3161816588
dimwishlist:item=2326716489&perks=3250034553,791862061,1168162263,3161816588
dimwishlist:item=2326716489&perks=1482024992,791862061,1168162263,3161816588
dimwishlist:item=2326716489&perks=202670084,791862061,1168162263,3161816588
dimwishlist:item=2326716489&perks=1840239774,679225683,1168162263,3161816588
dimwishlist:item=2326716489&perks=3250034553,679225683,1168162263,3161816588
dimwishlist:item=2326716489&perks=1482024992,679225683,1168162263,3161816588
dimwishlist:item=2326716489&perks=202670084,679225683,1168162263,3161816588
dimwishlist:item=2326716489&perks=1840239774,3142289711,3124871000,3161816588
dimwishlist:item=2326716489&perks=3250034553,3142289711,3124871000,3161816588
dimwishlist:item=2326716489&perks=1482024992,3142289711,3124871000,3161816588
dimwishlist:item=2326716489&perks=202670084,3142289711,3124871000,3161816588
dimwishlist:item=2326716489&perks=1840239774,791862061,3124871000,3161816588
dimwishlist:item=2326716489&perks=3250034553,791862061,3124871000,3161816588
dimwishlist:item=2326716489&perks=1482024992,791862061,3124871000,3161816588
dimwishlist:item=2326716489&perks=202670084,791862061,3124871000,3161816588
dimwishlist:item=2326716489&perks=1840239774,679225683,3124871000,3161816588
dimwishlist:item=2326716489&perks=3250034553,679225683,3124871000,3161816588
dimwishlist:item=2326716489&perks=1482024992,679225683,3124871000,3161816588
dimwishlist:item=2326716489&perks=202670084,679225683,3124871000,3161816588
dimwishlist:item=2326716489&perks=1840239774,3142289711,706527188,3425386926
dimwishlist:item=2326716489&perks=3250034553,3142289711,706527188,3425386926
dimwishlist:item=2326716489&perks=1482024992,3142289711,706527188,3425386926
dimwishlist:item=2326716489&perks=202670084,3142289711,706527188,3425386926
dimwishlist:item=2326716489&perks=1840239774,791862061,706527188,3425386926
dimwishlist:item=2326716489&perks=3250034553,791862061,706527188,3425386926
dimwishlist:item=2326716489&perks=1482024992,791862061,706527188,3425386926
dimwishlist:item=2326716489&perks=202670084,791862061,706527188,3425386926
dimwishlist:item=2326716489&perks=1840239774,679225683,706527188,3425386926
dimwishlist:item=2326716489&perks=3250034553,679225683,706527188,3425386926
dimwishlist:item=2326716489&perks=1482024992,679225683,706527188,3425386926
dimwishlist:item=2326716489&perks=202670084,679225683,706527188,3425386926
dimwishlist:item=2326716489&perks=1840239774,3142289711,1168162263,3425386926
dimwishlist:item=2326716489&perks=3250034553,3142289711,1168162263,3425386926
dimwishlist:item=2326716489&perks=1482024992,3142289711,1168162263,3425386926
dimwishlist:item=2326716489&perks=202670084,3142289711,1168162263,3425386926
dimwishlist:item=2326716489&perks=1840239774,791862061,1168162263,3425386926
dimwishlist:item=2326716489&perks=3250034553,791862061,1168162263,3425386926
dimwishlist:item=2326716489&perks=1482024992,791862061,1168162263,3425386926
dimwishlist:item=2326716489&perks=202670084,791862061,1168162263,3425386926
dimwishlist:item=2326716489&perks=1840239774,679225683,1168162263,3425386926
dimwishlist:item=2326716489&perks=3250034553,679225683,1168162263,3425386926
dimwishlist:item=2326716489&perks=1482024992,679225683,1168162263,3425386926
dimwishlist:item=2326716489&perks=202670084,679225683,1168162263,3425386926
dimwishlist:item=2326716489&perks=1840239774,3142289711,3124871000,3425386926
dimwishlist:item=2326716489&perks=3250034553,3142289711,3124871000,3425386926
dimwishlist:item=2326716489&perks=1482024992,3142289711,3124871000,3425386926
dimwishlist:item=2326716489&perks=202670084,3142289711,3124871000,3425386926
dimwishlist:item=2326716489&perks=1840239774,791862061,3124871000,3425386926
dimwishlist:item=2326716489&perks=3250034553,791862061,3124871000,3425386926
dimwishlist:item=2326716489&perks=1482024992,791862061,3124871000,3425386926
dimwishlist:item=2326716489&perks=202670084,791862061,3124871000,3425386926
dimwishlist:item=2326716489&perks=1840239774,679225683,3124871000,3425386926
dimwishlist:item=2326716489&perks=3250034553,679225683,3124871000,3425386926
dimwishlist:item=2326716489&perks=1482024992,679225683,3124871000,3425386926
dimwishlist:item=2326716489&perks=202670084,679225683,3124871000,3425386926
dimwishlist:item=2326716489&perks=1840239774,3142289711,706527188,588594999
dimwishlist:item=2326716489&perks=3250034553,3142289711,706527188,588594999
dimwishlist:item=2326716489&perks=1482024992,3142289711,706527188,588594999
dimwishlist:item=2326716489&perks=202670084,3142289711,706527188,588594999
dimwishlist:item=2326716489&perks=1840239774,791862061,706527188,588594999
dimwishlist:item=2326716489&perks=3250034553,791862061,706527188,588594999
dimwishlist:item=2326716489&perks=1482024992,791862061,706527188,588594999
dimwishlist:item=2326716489&perks=202670084,791862061,706527188,588594999
dimwishlist:item=2326716489&perks=1840239774,679225683,706527188,588594999
dimwishlist:item=2326716489&perks=3250034553,679225683,706527188,588594999
dimwishlist:item=2326716489&perks=1482024992,679225683,706527188,588594999
dimwishlist:item=2326716489&perks=202670084,679225683,706527188,588594999
dimwishlist:item=2326716489&perks=1840239774,3142289711,1168162263,588594999
dimwishlist:item=2326716489&perks=3250034553,3142289711,1168162263,588594999
dimwishlist:item=2326716489&perks=1482024992,3142289711,1168162263,588594999
dimwishlist:item=2326716489&perks=202670084,3142289711,1168162263,588594999
dimwishlist:item=2326716489&perks=1840239774,791862061,1168162263,588594999
dimwishlist:item=2326716489&perks=3250034553,791862061,1168162263,588594999
dimwishlist:item=2326716489&perks=1482024992,791862061,1168162263,588594999
dimwishlist:item=2326716489&perks=202670084,791862061,1168162263,588594999
dimwishlist:item=2326716489&perks=1840239774,679225683,1168162263,588594999
dimwishlist:item=2326716489&perks=3250034553,679225683,1168162263,588594999
dimwishlist:item=2326716489&perks=1482024992,679225683,1168162263,588594999
dimwishlist:item=2326716489&perks=202670084,679225683,1168162263,588594999
dimwishlist:item=2326716489&perks=1840239774,3142289711,3124871000,588594999
dimwishlist:item=2326716489&perks=3250034553,3142289711,3124871000,588594999
dimwishlist:item=2326716489&perks=1482024992,3142289711,3124871000,588594999
dimwishlist:item=2326716489&perks=202670084,3142289711,3124871000,588594999
dimwishlist:item=2326716489&perks=1840239774,791862061,3124871000,588594999
dimwishlist:item=2326716489&perks=3250034553,791862061,3124871000,588594999
dimwishlist:item=2326716489&perks=1482024992,791862061,3124871000,588594999
dimwishlist:item=2326716489&perks=202670084,791862061,3124871000,588594999
dimwishlist:item=2326716489&perks=1840239774,679225683,3124871000,588594999
dimwishlist:item=2326716489&perks=3250034553,679225683,3124871000,588594999
dimwishlist:item=2326716489&perks=1482024992,679225683,3124871000,588594999
dimwishlist:item=2326716489&perks=202670084,679225683,3124871000,588594999
dimwishlist:item=2326716489&perks=1840239774,3142289711,706527188,957782887
dimwishlist:item=2326716489&perks=3250034553,3142289711,706527188,957782887
dimwishlist:item=2326716489&perks=1482024992,3142289711,706527188,957782887
dimwishlist:item=2326716489&perks=202670084,3142289711,706527188,957782887
dimwishlist:item=2326716489&perks=1840239774,791862061,706527188,957782887
dimwishlist:item=2326716489&perks=3250034553,791862061,706527188,957782887
dimwishlist:item=2326716489&perks=1482024992,791862061,706527188,957782887
dimwishlist:item=2326716489&perks=202670084,791862061,706527188,957782887
dimwishlist:item=2326716489&perks=1840239774,679225683,706527188,957782887
dimwishlist:item=2326716489&perks=3250034553,679225683,706527188,957782887
dimwishlist:item=2326716489&perks=1482024992,679225683,706527188,957782887
dimwishlist:item=2326716489&perks=202670084,679225683,706527188,957782887
dimwishlist:item=2326716489&perks=1840239774,3142289711,1168162263,957782887
dimwishlist:item=2326716489&perks=3250034553,3142289711,1168162263,957782887
dimwishlist:item=2326716489&perks=1482024992,3142289711,1168162263,957782887
dimwishlist:item=2326716489&perks=202670084,3142289711,1168162263,957782887
dimwishlist:item=2326716489&perks=1840239774,791862061,1168162263,957782887
dimwishlist:item=2326716489&perks=3250034553,791862061,1168162263,957782887
dimwishlist:item=2326716489&perks=1482024992,791862061,1168162263,957782887
dimwishlist:item=2326716489&perks=202670084,791862061,1168162263,957782887
dimwishlist:item=2326716489&perks=1840239774,679225683,1168162263,957782887
dimwishlist:item=2326716489&perks=3250034553,679225683,1168162263,957782887
dimwishlist:item=2326716489&perks=1482024992,679225683,1168162263,957782887
dimwishlist:item=2326716489&perks=202670084,679225683,1168162263,957782887
dimwishlist:item=2326716489&perks=1840239774,3142289711,3124871000,957782887
dimwishlist:item=2326716489&perks=3250034553,3142289711,3124871000,957782887
dimwishlist:item=2326716489&perks=1482024992,3142289711,3124871000,957782887
dimwishlist:item=2326716489&perks=202670084,3142289711,3124871000,957782887
dimwishlist:item=2326716489&perks=1840239774,791862061,3124871000,957782887
dimwishlist:item=2326716489&perks=3250034553,791862061,3124871000,957782887
dimwishlist:item=2326716489&perks=1482024992,791862061,3124871000,957782887
dimwishlist:item=2326716489&perks=202670084,791862061,3124871000,957782887
dimwishlist:item=2326716489&perks=1840239774,679225683,3124871000,957782887
dimwishlist:item=2326716489&perks=3250034553,679225683,3124871000,957782887
dimwishlist:item=2326716489&perks=1482024992,679225683,3124871000,957782887
dimwishlist:item=2326716489&perks=202670084,679225683,3124871000,957782887

//Beloved
dimwishlist:item=4190932264&perks=1840239774,106909392,957782887,706527188
dimwishlist:item=4190932264&perks=3250034553,106909392,957782887,706527188
dimwishlist:item=4190932264&perks=1482024992,106909392,957782887,706527188
dimwishlist:item=4190932264&perks=1840239774,3142289711,957782887,706527188
dimwishlist:item=4190932264&perks=3250034553,3142289711,957782887,706527188
dimwishlist:item=4190932264&perks=1482024992,3142289711,957782887,706527188
dimwishlist:item=4190932264&perks=1840239774,3230963543,957782887,706527188
dimwishlist:item=4190932264&perks=3250034553,3230963543,957782887,706527188
dimwishlist:item=4190932264&perks=1482024992,3230963543,957782887,706527188
dimwishlist:item=4190932264&perks=1840239774,106909392,3523296417,706527188
dimwishlist:item=4190932264&perks=3250034553,106909392,3523296417,706527188
dimwishlist:item=4190932264&perks=1482024992,106909392,3523296417,706527188
dimwishlist:item=4190932264&perks=1840239774,3142289711,3523296417,706527188
dimwishlist:item=4190932264&perks=3250034553,3142289711,3523296417,706527188
dimwishlist:item=4190932264&perks=1482024992,3142289711,3523296417,706527188
dimwishlist:item=4190932264&perks=1840239774,3230963543,3523296417,706527188
dimwishlist:item=4190932264&perks=3250034553,3230963543,3523296417,706527188
dimwishlist:item=4190932264&perks=1482024992,3230963543,3523296417,706527188
dimwishlist:item=4190932264&perks=1840239774,106909392,2866798147,706527188
dimwishlist:item=4190932264&perks=3250034553,106909392,2866798147,706527188
dimwishlist:item=4190932264&perks=1482024992,106909392,2866798147,706527188
dimwishlist:item=4190932264&perks=1840239774,3142289711,2866798147,706527188
dimwishlist:item=4190932264&perks=3250034553,3142289711,2866798147,706527188
dimwishlist:item=4190932264&perks=1482024992,3142289711,2866798147,706527188
dimwishlist:item=4190932264&perks=1840239774,3230963543,2866798147,706527188
dimwishlist:item=4190932264&perks=3250034553,3230963543,2866798147,706527188
dimwishlist:item=4190932264&perks=1482024992,3230963543,2866798147,706527188
dimwishlist:item=4190932264&perks=1840239774,106909392,957782887,588594999
dimwishlist:item=4190932264&perks=3250034553,106909392,957782887,588594999
dimwishlist:item=4190932264&perks=1482024992,106909392,957782887,588594999
dimwishlist:item=4190932264&perks=1840239774,3142289711,957782887,588594999
dimwishlist:item=4190932264&perks=3250034553,3142289711,957782887,588594999
dimwishlist:item=4190932264&perks=1482024992,3142289711,957782887,588594999
dimwishlist:item=4190932264&perks=1840239774,3230963543,957782887,588594999
dimwishlist:item=4190932264&perks=3250034553,3230963543,957782887,588594999
dimwishlist:item=4190932264&perks=1482024992,3230963543,957782887,588594999
dimwishlist:item=4190932264&perks=1840239774,106909392,3523296417,588594999
dimwishlist:item=4190932264&perks=3250034553,106909392,3523296417,588594999
dimwishlist:item=4190932264&perks=1482024992,106909392,3523296417,588594999
dimwishlist:item=4190932264&perks=1840239774,3142289711,3523296417,588594999
dimwishlist:item=4190932264&perks=3250034553,3142289711,3523296417,588594999
dimwishlist:item=4190932264&perks=1482024992,3142289711,3523296417,588594999
dimwishlist:item=4190932264&perks=1840239774,3230963543,3523296417,588594999
dimwishlist:item=4190932264&perks=3250034553,3230963543,3523296417,588594999
dimwishlist:item=4190932264&perks=1482024992,3230963543,3523296417,588594999
dimwishlist:item=4190932264&perks=1840239774,106909392,2866798147,588594999
dimwishlist:item=4190932264&perks=3250034553,106909392,2866798147,588594999
dimwishlist:item=4190932264&perks=1482024992,106909392,2866798147,588594999
dimwishlist:item=4190932264&perks=1840239774,3142289711,2866798147,588594999
dimwishlist:item=4190932264&perks=3250034553,3142289711,2866798147,588594999
dimwishlist:item=4190932264&perks=1482024992,3142289711,2866798147,588594999
dimwishlist:item=4190932264&perks=1840239774,3230963543,2866798147,588594999
dimwishlist:item=4190932264&perks=3250034553,3230963543,2866798147,588594999
dimwishlist:item=4190932264&perks=1482024992,3230963543,2866798147,588594999

//Bane of Sorrow
dimwishlist:item=1496419775&perks=1467527085,1885400500,1890422124,3523296417
dimwishlist:item=1496419775&perks=3661387068,1885400500,1890422124,3523296417
dimwishlist:item=1496419775&perks=3250034553,1885400500,1890422124,3523296417
dimwishlist:item=1496419775&perks=1467527085,1561002382,1890422124,3523296417
dimwishlist:item=1496419775&perks=3661387068,1561002382,1890422124,3523296417
dimwishlist:item=1496419775&perks=3250034553,1561002382,1890422124,3523296417
dimwishlist:item=1496419775&perks=1467527085,1087426260,1890422124,3523296417
dimwishlist:item=1496419775&perks=3661387068,1087426260,1890422124,3523296417
dimwishlist:item=1496419775&perks=3250034553,1087426260,1890422124,3523296417
dimwishlist:item=1496419775&perks=1467527085,1885400500,699525795,3523296417
dimwishlist:item=1496419775&perks=3661387068,1885400500,699525795,3523296417
dimwishlist:item=1496419775&perks=3250034553,1885400500,699525795,3523296417
dimwishlist:item=1496419775&perks=1467527085,1561002382,699525795,3523296417
dimwishlist:item=1496419775&perks=3661387068,1561002382,699525795,3523296417
dimwishlist:item=1496419775&perks=3250034553,1561002382,699525795,3523296417
dimwishlist:item=1496419775&perks=1467527085,1087426260,699525795,3523296417
dimwishlist:item=1496419775&perks=3661387068,1087426260,699525795,3523296417
dimwishlist:item=1496419775&perks=3250034553,1087426260,699525795,3523296417
dimwishlist:item=1496419775&perks=1467527085,1885400500,2779035018,3523296417
dimwishlist:item=1496419775&perks=3661387068,1885400500,2779035018,3523296417
dimwishlist:item=1496419775&perks=3250034553,1885400500,2779035018,3523296417
dimwishlist:item=1496419775&perks=1467527085,1561002382,2779035018,3523296417
dimwishlist:item=1496419775&perks=3661387068,1561002382,2779035018,3523296417
dimwishlist:item=1496419775&perks=3250034553,1561002382,2779035018,3523296417
dimwishlist:item=1496419775&perks=1467527085,1087426260,2779035018,3523296417
dimwishlist:item=1496419775&perks=3661387068,1087426260,2779035018,3523296417
dimwishlist:item=1496419775&perks=3250034553,1087426260,2779035018,3523296417
dimwishlist:item=1496419775&perks=1467527085,1885400500,1890422124,3425386926
dimwishlist:item=1496419775&perks=3661387068,1885400500,1890422124,3425386926
dimwishlist:item=1496419775&perks=3250034553,1885400500,1890422124,3425386926
dimwishlist:item=1496419775&perks=1467527085,1561002382,1890422124,3425386926
dimwishlist:item=1496419775&perks=3661387068,1561002382,1890422124,3425386926
dimwishlist:item=1496419775&perks=3250034553,1561002382,1890422124,3425386926
dimwishlist:item=1496419775&perks=1467527085,1087426260,1890422124,3425386926
dimwishlist:item=1496419775&perks=3661387068,1087426260,1890422124,3425386926
dimwishlist:item=1496419775&perks=3250034553,1087426260,1890422124,3425386926
dimwishlist:item=1496419775&perks=1467527085,1885400500,699525795,3425386926
dimwishlist:item=1496419775&perks=3661387068,1885400500,699525795,3425386926
dimwishlist:item=1496419775&perks=3250034553,1885400500,699525795,3425386926
dimwishlist:item=1496419775&perks=1467527085,1561002382,699525795,3425386926
dimwishlist:item=1496419775&perks=3661387068,1561002382,699525795,3425386926
dimwishlist:item=1496419775&perks=3250034553,1561002382,699525795,3425386926
dimwishlist:item=1496419775&perks=1467527085,1087426260,699525795,3425386926
dimwishlist:item=1496419775&perks=3661387068,1087426260,699525795,3425386926
dimwishlist:item=1496419775&perks=3250034553,1087426260,699525795,3425386926
dimwishlist:item=1496419775&perks=1467527085,1885400500,2779035018,3425386926
dimwishlist:item=1496419775&perks=3661387068,1885400500,2779035018,3425386926
dimwishlist:item=1496419775&perks=3250034553,1885400500,2779035018,3425386926
dimwishlist:item=1496419775&perks=1467527085,1561002382,2779035018,3425386926
dimwishlist:item=1496419775&perks=3661387068,1561002382,2779035018,3425386926
dimwishlist:item=1496419775&perks=3250034553,1561002382,2779035018,3425386926
dimwishlist:item=1496419775&perks=1467527085,1087426260,2779035018,3425386926
dimwishlist:item=1496419775&perks=3661387068,1087426260,2779035018,3425386926
dimwishlist:item=1496419775&perks=3250034553,1087426260,2779035018,3425386926
dimwishlist:item=1496419775&perks=1467527085,1885400500,1890422124,3337692349
dimwishlist:item=1496419775&perks=3661387068,1885400500,1890422124,3337692349
dimwishlist:item=1496419775&perks=3250034553,1885400500,1890422124,3337692349
dimwishlist:item=1496419775&perks=1467527085,1561002382,1890422124,3337692349
dimwishlist:item=1496419775&perks=3661387068,1561002382,1890422124,3337692349
dimwishlist:item=1496419775&perks=3250034553,1561002382,1890422124,3337692349
dimwishlist:item=1496419775&perks=1467527085,1087426260,1890422124,3337692349
dimwishlist:item=1496419775&perks=3661387068,1087426260,1890422124,3337692349
dimwishlist:item=1496419775&perks=3250034553,1087426260,1890422124,3337692349
dimwishlist:item=1496419775&perks=1467527085,1885400500,699525795,3337692349
dimwishlist:item=1496419775&perks=3661387068,1885400500,699525795,3337692349
dimwishlist:item=1496419775&perks=3250034553,1885400500,699525795,3337692349
dimwishlist:item=1496419775&perks=1467527085,1561002382,699525795,3337692349
dimwishlist:item=1496419775&perks=3661387068,1561002382,699525795,3337692349
dimwishlist:item=1496419775&perks=3250034553,1561002382,699525795,3337692349
dimwishlist:item=1496419775&perks=1467527085,1087426260,699525795,3337692349
dimwishlist:item=1496419775&perks=3661387068,1087426260,699525795,3337692349
dimwishlist:item=1496419775&perks=3250034553,1087426260,699525795,3337692349
dimwishlist:item=1496419775&perks=1467527085,1885400500,2779035018,3337692349
dimwishlist:item=1496419775&perks=3661387068,1885400500,2779035018,3337692349
dimwishlist:item=1496419775&perks=3250034553,1885400500,2779035018,3337692349
dimwishlist:item=1496419775&perks=1467527085,1561002382,2779035018,3337692349
dimwishlist:item=1496419775&perks=3661387068,1561002382,2779035018,3337692349
dimwishlist:item=1496419775&perks=3250034553,1561002382,2779035018,3337692349
dimwishlist:item=1496419775&perks=1467527085,1087426260,2779035018,3337692349
dimwishlist:item=1496419775&perks=3661387068,1087426260,2779035018,3337692349
dimwishlist:item=1496419775&perks=3250034553,1087426260,2779035018,3337692349
dimwishlist:item=1496419775&perks=1467527085,1885400500,1890422124,3513791699
dimwishlist:item=1496419775&perks=3661387068,1885400500,1890422124,3513791699
dimwishlist:item=1496419775&perks=3250034553,1885400500,1890422124,3513791699
dimwishlist:item=1496419775&perks=1467527085,1561002382,1890422124,3513791699
dimwishlist:item=1496419775&perks=3661387068,1561002382,1890422124,3513791699
dimwishlist:item=1496419775&perks=3250034553,1561002382,1890422124,3513791699
dimwishlist:item=1496419775&perks=1467527085,1087426260,1890422124,3513791699
dimwishlist:item=1496419775&perks=3661387068,1087426260,1890422124,3513791699
dimwishlist:item=1496419775&perks=3250034553,1087426260,1890422124,3513791699
dimwishlist:item=1496419775&perks=1467527085,1885400500,699525795,3513791699
dimwishlist:item=1496419775&perks=3661387068,1885400500,699525795,3513791699
dimwishlist:item=1496419775&perks=3250034553,1885400500,699525795,3513791699
dimwishlist:item=1496419775&perks=1467527085,1561002382,699525795,3513791699
dimwishlist:item=1496419775&perks=3661387068,1561002382,699525795,3513791699
dimwishlist:item=1496419775&perks=3250034553,1561002382,699525795,3513791699
dimwishlist:item=1496419775&perks=1467527085,1087426260,699525795,3513791699
dimwishlist:item=1496419775&perks=3661387068,1087426260,699525795,3513791699
dimwishlist:item=1496419775&perks=3250034553,1087426260,699525795,3513791699
dimwishlist:item=1496419775&perks=1467527085,1885400500,2779035018,3513791699
dimwishlist:item=1496419775&perks=3661387068,1885400500,2779035018,3513791699
dimwishlist:item=1496419775&perks=3250034553,1885400500,2779035018,3513791699
dimwishlist:item=1496419775&perks=1467527085,1561002382,2779035018,3513791699
dimwishlist:item=1496419775&perks=3661387068,1561002382,2779035018,3513791699
dimwishlist:item=1496419775&perks=3250034553,1561002382,2779035018,3513791699
dimwishlist:item=1496419775&perks=1467527085,1087426260,2779035018,3513791699
dimwishlist:item=1496419775&perks=3661387068,1087426260,2779035018,3513791699
dimwishlist:item=1496419775&perks=3250034553,1087426260,2779035018,3513791699

//Fixed Odds
dimwishlist:item=1642384931&perks=1467527085,1885400500,706527188,1890422124
dimwishlist:item=1642384931&perks=3661387068,1885400500,706527188,1890422124
dimwishlist:item=1642384931&perks=3250034553,1885400500,706527188,1890422124
dimwishlist:item=1642384931&perks=1467527085,1561002382,706527188,1890422124
dimwishlist:item=1642384931&perks=3661387068,1561002382,706527188,1890422124
dimwishlist:item=1642384931&perks=3250034553,1561002382,706527188,1890422124
dimwishlist:item=1642384931&perks=1467527085,1087426260,706527188,1890422124
dimwishlist:item=1642384931&perks=3661387068,1087426260,706527188,1890422124
dimwishlist:item=1642384931&perks=3250034553,1087426260,706527188,1890422124
dimwishlist:item=1642384931&perks=1467527085,1885400500,2866798147,1890422124
dimwishlist:item=1642384931&perks=3661387068,1885400500,2866798147,1890422124
dimwishlist:item=1642384931&perks=3250034553,1885400500,2866798147,1890422124
dimwishlist:item=1642384931&perks=1467527085,1561002382,2866798147,1890422124
dimwishlist:item=1642384931&perks=3661387068,1561002382,2866798147,1890422124
dimwishlist:item=1642384931&perks=3250034553,1561002382,2866798147,1890422124
dimwishlist:item=1642384931&perks=1467527085,1087426260,2866798147,1890422124
dimwishlist:item=1642384931&perks=3661387068,1087426260,2866798147,1890422124
dimwishlist:item=1642384931&perks=3250034553,1087426260,2866798147,1890422124
dimwishlist:item=1642384931&perks=1467527085,1885400500,706527188,3425386926
dimwishlist:item=1642384931&perks=3661387068,1885400500,706527188,3425386926
dimwishlist:item=1642384931&perks=3250034553,1885400500,706527188,3425386926
dimwishlist:item=1642384931&perks=1467527085,1561002382,706527188,3425386926
dimwishlist:item=1642384931&perks=3661387068,1561002382,706527188,3425386926
dimwishlist:item=1642384931&perks=3250034553,1561002382,706527188,3425386926
dimwishlist:item=1642384931&perks=1467527085,1087426260,706527188,3425386926
dimwishlist:item=1642384931&perks=3661387068,1087426260,706527188,3425386926
dimwishlist:item=1642384931&perks=3250034553,1087426260,706527188,3425386926
dimwishlist:item=1642384931&perks=1467527085,1885400500,2866798147,3425386926
dimwishlist:item=1642384931&perks=3661387068,1885400500,2866798147,3425386926
dimwishlist:item=1642384931&perks=3250034553,1885400500,2866798147,3425386926
dimwishlist:item=1642384931&perks=1467527085,1561002382,2866798147,3425386926
dimwishlist:item=1642384931&perks=3661387068,1561002382,2866798147,3425386926
dimwishlist:item=1642384931&perks=3250034553,1561002382,2866798147,3425386926
dimwishlist:item=1642384931&perks=1467527085,1087426260,2866798147,3425386926
dimwishlist:item=1642384931&perks=3661387068,1087426260,2866798147,3425386926
dimwishlist:item=1642384931&perks=3250034553,1087426260,2866798147,3425386926
dimwishlist:item=1642384931&perks=1467527085,1885400500,706527188,2846385770
dimwishlist:item=1642384931&perks=3661387068,1885400500,706527188,2846385770
dimwishlist:item=1642384931&perks=3250034553,1885400500,706527188,2846385770
dimwishlist:item=1642384931&perks=1467527085,1561002382,706527188,2846385770
dimwishlist:item=1642384931&perks=3661387068,1561002382,706527188,2846385770
dimwishlist:item=1642384931&perks=3250034553,1561002382,706527188,2846385770
dimwishlist:item=1642384931&perks=1467527085,1087426260,706527188,2846385770
dimwishlist:item=1642384931&perks=3661387068,1087426260,706527188,2846385770
dimwishlist:item=1642384931&perks=3250034553,1087426260,706527188,2846385770
dimwishlist:item=1642384931&perks=1467527085,1885400500,2866798147,2846385770
dimwishlist:item=1642384931&perks=3661387068,1885400500,2866798147,2846385770
dimwishlist:item=1642384931&perks=3250034553,1885400500,2866798147,2846385770
dimwishlist:item=1642384931&perks=1467527085,1561002382,2866798147,2846385770
dimwishlist:item=1642384931&perks=3661387068,1561002382,2866798147,2846385770
dimwishlist:item=1642384931&perks=3250034553,1561002382,2866798147,2846385770
dimwishlist:item=1642384931&perks=1467527085,1087426260,2866798147,2846385770
dimwishlist:item=1642384931&perks=3661387068,1087426260,2866798147,2846385770
dimwishlist:item=1642384931&perks=3250034553,1087426260,2866798147,2846385770

//Shining Sphere
dimwishlist:item=136525518&perks=332773068,199614214,3300816228,3977735242
dimwishlist:item=136525518&perks=1844523823,199614214,3300816228,3977735242
dimwishlist:item=136525518&perks=1441682018,199614214,3300816228,3977735242
dimwishlist:item=136525518&perks=1478423395,199614214,3300816228,3977735242
dimwishlist:item=136525518&perks=332773068,2985827016,3300816228,3977735242
dimwishlist:item=136525518&perks=1844523823,2985827016,3300816228,3977735242
dimwishlist:item=136525518&perks=1441682018,2985827016,3300816228,3977735242
dimwishlist:item=136525518&perks=1478423395,2985827016,3300816228,3977735242
dimwishlist:item=136525518&perks=332773068,2822142346,3300816228,3977735242
dimwishlist:item=136525518&perks=1844523823,2822142346,3300816228,3977735242
dimwishlist:item=136525518&perks=1441682018,2822142346,3300816228,3977735242
dimwishlist:item=136525518&perks=1478423395,2822142346,3300816228,3977735242
dimwishlist:item=136525518&perks=332773068,199614214,3300816228,3523296417
dimwishlist:item=136525518&perks=1844523823,199614214,3300816228,3523296417
dimwishlist:item=136525518&perks=1441682018,199614214,3300816228,3523296417
dimwishlist:item=136525518&perks=1478423395,199614214,3300816228,3523296417
dimwishlist:item=136525518&perks=332773068,2985827016,3300816228,3523296417
dimwishlist:item=136525518&perks=1844523823,2985827016,3300816228,3523296417
dimwishlist:item=136525518&perks=1441682018,2985827016,3300816228,3523296417
dimwishlist:item=136525518&perks=1478423395,2985827016,3300816228,3523296417
dimwishlist:item=136525518&perks=332773068,2822142346,3300816228,3523296417
dimwishlist:item=136525518&perks=1844523823,2822142346,3300816228,3523296417
dimwishlist:item=136525518&perks=1441682018,2822142346,3300816228,3523296417
dimwishlist:item=136525518&perks=1478423395,2822142346,3300816228,3523296417

//Death's Razor
dimwishlist:item=569799274&perks=436053704,2349202967,2030760728,3016987351
dimwishlist:item=569799274&perks=938542991,2349202967,2030760728,3016987351
dimwishlist:item=569799274&perks=3666208348,2349202967,2030760728,3016987351
dimwishlist:item=569799274&perks=436053704,2349202967,1749209109,3016987351
dimwishlist:item=569799274&perks=938542991,2349202967,1749209109,3016987351
dimwishlist:item=569799274&perks=3666208348,2349202967,1749209109,3016987351
dimwishlist:item=569799274&perks=436053704,2349202967,2590710093,3016987351
dimwishlist:item=569799274&perks=938542991,2349202967,2590710093,3016987351
dimwishlist:item=569799274&perks=3666208348,2349202967,2590710093,3016987351
dimwishlist:item=569799274&perks=436053704,2349202967,2030760728,354401740
dimwishlist:item=569799274&perks=938542991,2349202967,2030760728,354401740
dimwishlist:item=569799274&perks=3666208348,2349202967,2030760728,354401740
dimwishlist:item=569799274&perks=436053704,2349202967,1749209109,354401740
dimwishlist:item=569799274&perks=938542991,2349202967,1749209109,354401740
dimwishlist:item=569799274&perks=3666208348,2349202967,1749209109,354401740
dimwishlist:item=569799274&perks=436053704,2349202967,2590710093,354401740
dimwishlist:item=569799274&perks=938542991,2349202967,2590710093,354401740
dimwishlist:item=569799274&perks=3666208348,2349202967,2590710093,354401740

//Goldtusk
dimwishlist:item=569799275&perks=436053704,2349202967,2030760728,354401740
dimwishlist:item=569799275&perks=938542991,2349202967,2030760728,354401740
dimwishlist:item=569799275&perks=3666208348,2349202967,2030760728,354401740
dimwishlist:item=569799275&perks=436053704,2349202967,1749209109,354401740
dimwishlist:item=569799275&perks=938542991,2349202967,1749209109,354401740
dimwishlist:item=569799275&perks=3666208348,2349202967,1749209109,354401740
dimwishlist:item=569799275&perks=436053704,2349202967,2590710093,354401740
dimwishlist:item=569799275&perks=938542991,2349202967,2590710093,354401740
dimwishlist:item=569799275&perks=3666208348,2349202967,2590710093,354401740
dimwishlist:item=569799275&perks=436053704,2349202967,2030760728,3708227201
dimwishlist:item=569799275&perks=938542991,2349202967,2030760728,3708227201
dimwishlist:item=569799275&perks=3666208348,2349202967,2030760728,3708227201
dimwishlist:item=569799275&perks=436053704,2349202967,1749209109,3708227201
dimwishlist:item=569799275&perks=938542991,2349202967,1749209109,3708227201
dimwishlist:item=569799275&perks=3666208348,2349202967,1749209109,3708227201
dimwishlist:item=569799275&perks=436053704,2349202967,2590710093,3708227201
dimwishlist:item=569799275&perks=938542991,2349202967,2590710093,3708227201
dimwishlist:item=569799275&perks=3666208348,2349202967,2590710093,3708227201

//Throne-Cleaver
dimwishlist:item=569799273&perks=436053704,2349202967,2030760728,354401740
dimwishlist:item=569799273&perks=938542991,2349202967,2030760728,354401740
dimwishlist:item=569799273&perks=3666208348,2349202967,2030760728,354401740
dimwishlist:item=569799273&perks=436053704,2349202967,1749209109,354401740
dimwishlist:item=569799273&perks=938542991,2349202967,1749209109,354401740
dimwishlist:item=569799273&perks=3666208348,2349202967,1749209109,354401740
dimwishlist:item=569799273&perks=436053704,2349202967,2590710093,354401740
dimwishlist:item=569799273&perks=938542991,2349202967,2590710093,354401740
dimwishlist:item=569799273&perks=3666208348,2349202967,2590710093,354401740
dimwishlist:item=569799273&perks=436053704,2349202967,2030760728,3016987351
dimwishlist:item=569799273&perks=938542991,2349202967,2030760728,3016987351
dimwishlist:item=569799273&perks=3666208348,2349202967,2030760728,3016987351
dimwishlist:item=569799273&perks=436053704,2349202967,1749209109,3016987351
dimwishlist:item=569799273&perks=938542991,2349202967,1749209109,3016987351
dimwishlist:item=569799273&perks=3666208348,2349202967,1749209109,3016987351
dimwishlist:item=569799273&perks=436053704,2349202967,2590710093,3016987351
dimwishlist:item=569799273&perks=938542991,2349202967,2590710093,3016987351
dimwishlist:item=569799273&perks=3666208348,2349202967,2590710093,3016987351