// u/pandapaxxy 's Penumbra weapons breakdown - PvE edition
// https://docs.google.com/spreadsheets/d/1wZkZCt6YeMEkZ2-SxyLCUECVP_o_1wgsRPiC2LblkAM/edit#gid=0

//Revoker
dimwishlist:item=654608616&perks=1467527085,3142289711,957782887,136456835

//Hush
dimwishlist:item=1584643826&perks=1784898267,3827198035,47981717,3414324643

//Wendigo GL3
dimwishlist:item=578459533&perks=3798852852,3032599245,3300816228,3194351027

//Gahlran's Right Hand
dimwishlist:item=1286686760&perks=1840239774,1561002382,1168162263,2458213969
dimwishlist:item=1286686760&perks=4090651448,1561002382,1168162263,2458213969
dimwishlist:item=1286686760&perks=1392496348,1561002382,1168162263,2458213969
dimwishlist:item=1286686760&perks=1840239774,1968497646,1168162263,2458213969
dimwishlist:item=1286686760&perks=4090651448,1968497646,1168162263,2458213969
dimwishlist:item=1286686760&perks=1392496348,1968497646,1168162263,2458213969
dimwishlist:item=1286686760&perks=1840239774,2420895100,1168162263,2458213969
dimwishlist:item=1286686760&perks=4090651448,2420895100,1168162263,2458213969
dimwishlist:item=1286686760&perks=1392496348,2420895100,1168162263,2458213969
dimwishlist:item=1286686760&perks=1840239774,1561002382,2387244414,2458213969
dimwishlist:item=1286686760&perks=4090651448,1561002382,2387244414,2458213969
dimwishlist:item=1286686760&perks=1392496348,1561002382,2387244414,2458213969
dimwishlist:item=1286686760&perks=1840239774,1968497646,2387244414,2458213969
dimwishlist:item=1286686760&perks=4090651448,1968497646,2387244414,2458213969
dimwishlist:item=1286686760&perks=1392496348,1968497646,2387244414,2458213969
dimwishlist:item=1286686760&perks=1840239774,2420895100,2387244414,2458213969
dimwishlist:item=1286686760&perks=4090651448,2420895100,2387244414,2458213969
dimwishlist:item=1286686760&perks=1392496348,2420895100,2387244414,2458213969
dimwishlist:item=1286686760&perks=1840239774,1561002382,1890422124,2458213969
dimwishlist:item=1286686760&perks=4090651448,1561002382,1890422124,2458213969
dimwishlist:item=1286686760&perks=1392496348,1561002382,1890422124,2458213969
dimwishlist:item=1286686760&perks=1840239774,1968497646,1890422124,2458213969
dimwishlist:item=1286686760&perks=4090651448,1968497646,1890422124,2458213969
dimwishlist:item=1286686760&perks=1392496348,1968497646,1890422124,2458213969
dimwishlist:item=1286686760&perks=1840239774,2420895100,1890422124,2458213969
dimwishlist:item=1286686760&perks=4090651448,2420895100,1890422124,2458213969
dimwishlist:item=1286686760&perks=1392496348,2420895100,1890422124,2458213969
dimwishlist:item=1286686760&perks=1840239774,1561002382,3124871000,2458213969
dimwishlist:item=1286686760&perks=4090651448,1561002382,3124871000,2458213969
dimwishlist:item=1286686760&perks=1392496348,1561002382,3124871000,2458213969
dimwishlist:item=1286686760&perks=1840239774,1968497646,3124871000,2458213969
dimwishlist:item=1286686760&perks=4090651448,1968497646,3124871000,2458213969
dimwishlist:item=1286686760&perks=1392496348,1968497646,3124871000,2458213969
dimwishlist:item=1286686760&perks=1840239774,2420895100,3124871000,2458213969
dimwishlist:item=1286686760&perks=4090651448,2420895100,3124871000,2458213969
dimwishlist:item=1286686760&perks=1392496348,2420895100,3124871000,2458213969
dimwishlist:item=1286686760&perks=1840239774,1561002382,1168162263,3523296417
dimwishlist:item=1286686760&perks=4090651448,1561002382,1168162263,3523296417
dimwishlist:item=1286686760&perks=1392496348,1561002382,1168162263,3523296417
dimwishlist:item=1286686760&perks=1840239774,1968497646,1168162263,3523296417
dimwishlist:item=1286686760&perks=4090651448,1968497646,1168162263,3523296417
dimwishlist:item=1286686760&perks=1392496348,1968497646,1168162263,3523296417
dimwishlist:item=1286686760&perks=1840239774,2420895100,1168162263,3523296417
dimwishlist:item=1286686760&perks=4090651448,2420895100,1168162263,3523296417
dimwishlist:item=1286686760&perks=1392496348,2420895100,1168162263,3523296417
dimwishlist:item=1286686760&perks=1840239774,1561002382,2387244414,3523296417
dimwishlist:item=1286686760&perks=4090651448,1561002382,2387244414,3523296417
dimwishlist:item=1286686760&perks=1392496348,1561002382,2387244414,3523296417
dimwishlist:item=1286686760&perks=1840239774,1968497646,2387244414,3523296417
dimwishlist:item=1286686760&perks=4090651448,1968497646,2387244414,3523296417
dimwishlist:item=1286686760&perks=1392496348,1968497646,2387244414,3523296417
dimwishlist:item=1286686760&perks=1840239774,2420895100,2387244414,3523296417
dimwishlist:item=1286686760&perks=4090651448,2420895100,2387244414,3523296417
dimwishlist:item=1286686760&perks=1392496348,2420895100,2387244414,3523296417
dimwishlist:item=1286686760&perks=1840239774,1561002382,1890422124,3523296417
dimwishlist:item=1286686760&perks=4090651448,1561002382,1890422124,3523296417
dimwishlist:item=1286686760&perks=1392496348,1561002382,1890422124,3523296417
dimwishlist:item=1286686760&perks=1840239774,1968497646,1890422124,3523296417
dimwishlist:item=1286686760&perks=4090651448,1968497646,1890422124,3523296417
dimwishlist:item=1286686760&perks=1392496348,1968497646,1890422124,3523296417
dimwishlist:item=1286686760&perks=1840239774,2420895100,1890422124,3523296417
dimwishlist:item=1286686760&perks=4090651448,2420895100,1890422124,3523296417
dimwishlist:item=1286686760&perks=1392496348,2420895100,1890422124,3523296417
dimwishlist:item=1286686760&perks=1840239774,1561002382,3124871000,3523296417
dimwishlist:item=1286686760&perks=4090651448,1561002382,3124871000,3523296417
dimwishlist:item=1286686760&perks=1392496348,1561002382,3124871000,3523296417
dimwishlist:item=1286686760&perks=1840239774,1968497646,3124871000,3523296417
dimwishlist:item=1286686760&perks=4090651448,1968497646,3124871000,3523296417
dimwishlist:item=1286686760&perks=1392496348,1968497646,3124871000,3523296417
dimwishlist:item=1286686760&perks=1840239774,2420895100,3124871000,3523296417
dimwishlist:item=1286686760&perks=4090651448,2420895100,3124871000,3523296417
dimwishlist:item=1286686760&perks=1392496348,2420895100,3124871000,3523296417
dimwishlist:item=1286686760&perks=1840239774,1561002382,1168162263,2213355989
dimwishlist:item=1286686760&perks=4090651448,1561002382,1168162263,2213355989
dimwishlist:item=1286686760&perks=1392496348,1561002382,1168162263,2213355989
dimwishlist:item=1286686760&perks=1840239774,1968497646,1168162263,2213355989
dimwishlist:item=1286686760&perks=4090651448,1968497646,1168162263,2213355989
dimwishlist:item=1286686760&perks=1392496348,1968497646,1168162263,2213355989
dimwishlist:item=1286686760&perks=1840239774,2420895100,1168162263,2213355989
dimwishlist:item=1286686760&perks=4090651448,2420895100,1168162263,2213355989
dimwishlist:item=1286686760&perks=1392496348,2420895100,1168162263,2213355989
dimwishlist:item=1286686760&perks=1840239774,1561002382,2387244414,2213355989
dimwishlist:item=1286686760&perks=4090651448,1561002382,2387244414,2213355989
dimwishlist:item=1286686760&perks=1392496348,1561002382,2387244414,2213355989
dimwishlist:item=1286686760&perks=1840239774,1968497646,2387244414,2213355989
dimwishlist:item=1286686760&perks=4090651448,1968497646,2387244414,2213355989
dimwishlist:item=1286686760&perks=1392496348,1968497646,2387244414,2213355989
dimwishlist:item=1286686760&perks=1840239774,2420895100,2387244414,2213355989
dimwishlist:item=1286686760&perks=4090651448,2420895100,2387244414,2213355989
dimwishlist:item=1286686760&perks=1392496348,2420895100,2387244414,2213355989
dimwishlist:item=1286686760&perks=1840239774,1561002382,1890422124,2213355989
dimwishlist:item=1286686760&perks=4090651448,1561002382,1890422124,2213355989
dimwishlist:item=1286686760&perks=1392496348,1561002382,1890422124,2213355989
dimwishlist:item=1286686760&perks=1840239774,1968497646,1890422124,2213355989
dimwishlist:item=1286686760&perks=4090651448,1968497646,1890422124,2213355989
dimwishlist:item=1286686760&perks=1392496348,1968497646,1890422124,2213355989
dimwishlist:item=1286686760&perks=1840239774,2420895100,1890422124,2213355989
dimwishlist:item=1286686760&perks=4090651448,2420895100,1890422124,2213355989
dimwishlist:item=1286686760&perks=1392496348,2420895100,1890422124,2213355989
dimwishlist:item=1286686760&perks=1840239774,1561002382,3124871000,2213355989
dimwishlist:item=1286686760&perks=4090651448,1561002382,3124871000,2213355989
dimwishlist:item=1286686760&perks=1392496348,1561002382,3124871000,2213355989
dimwishlist:item=1286686760&perks=1840239774,1968497646,3124871000,2213355989
dimwishlist:item=1286686760&perks=4090651448,1968497646,3124871000,2213355989
dimwishlist:item=1286686760&perks=1392496348,1968497646,3124871000,2213355989
dimwishlist:item=1286686760&perks=1840239774,2420895100,3124871000,2213355989
dimwishlist:item=1286686760&perks=4090651448,2420895100,3124871000,2213355989
dimwishlist:item=1286686760&perks=1392496348,2420895100,3124871000,2213355989

//Austringer
dimwishlist:item=2429822977&perks=3250034553,106909392,1168162263,3425386926
dimwishlist:item=2429822977&perks=1482024992,106909392,1168162263,3425386926
dimwishlist:item=2429822977&perks=202670084,106909392,1168162263,3425386926
dimwishlist:item=2429822977&perks=3250034553,1087426260,1168162263,3425386926
dimwishlist:item=2429822977&perks=1482024992,1087426260,1168162263,3425386926
dimwishlist:item=2429822977&perks=202670084,1087426260,1168162263,3425386926
dimwishlist:item=2429822977&perks=3250034553,3142289711,1168162263,3425386926
dimwishlist:item=2429822977&perks=1482024992,3142289711,1168162263,3425386926
dimwishlist:item=2429822977&perks=202670084,3142289711,1168162263,3425386926
dimwishlist:item=2429822977&perks=3250034553,106909392,1820235745,3425386926
dimwishlist:item=2429822977&perks=1482024992,106909392,1820235745,3425386926
dimwishlist:item=2429822977&perks=202670084,106909392,1820235745,3425386926
dimwishlist:item=2429822977&perks=3250034553,1087426260,1820235745,3425386926
dimwishlist:item=2429822977&perks=1482024992,1087426260,1820235745,3425386926
dimwishlist:item=2429822977&perks=202670084,1087426260,1820235745,3425386926
dimwishlist:item=2429822977&perks=3250034553,3142289711,1820235745,3425386926
dimwishlist:item=2429822977&perks=1482024992,3142289711,1820235745,3425386926
dimwishlist:item=2429822977&perks=202670084,3142289711,1820235745,3425386926
dimwishlist:item=2429822977&perks=3250034553,106909392,3400784728,3425386926
dimwishlist:item=2429822977&perks=1482024992,106909392,3400784728,3425386926
dimwishlist:item=2429822977&perks=202670084,106909392,3400784728,3425386926
dimwishlist:item=2429822977&perks=3250034553,1087426260,3400784728,3425386926
dimwishlist:item=2429822977&perks=1482024992,1087426260,3400784728,3425386926
dimwishlist:item=2429822977&perks=202670084,1087426260,3400784728,3425386926
dimwishlist:item=2429822977&perks=3250034553,3142289711,3400784728,3425386926
dimwishlist:item=2429822977&perks=1482024992,3142289711,3400784728,3425386926
dimwishlist:item=2429822977&perks=202670084,3142289711,3400784728,3425386926
dimwishlist:item=2429822977&perks=3250034553,106909392,3124871000,3425386926
dimwishlist:item=2429822977&perks=1482024992,106909392,3124871000,3425386926
dimwishlist:item=2429822977&perks=202670084,106909392,3124871000,3425386926
dimwishlist:item=2429822977&perks=3250034553,1087426260,3124871000,3425386926
dimwishlist:item=2429822977&perks=1482024992,1087426260,3124871000,3425386926
dimwishlist:item=2429822977&perks=202670084,1087426260,3124871000,3425386926
dimwishlist:item=2429822977&perks=3250034553,3142289711,3124871000,3425386926
dimwishlist:item=2429822977&perks=1482024992,3142289711,3124871000,3425386926
dimwishlist:item=2429822977&perks=202670084,3142289711,3124871000,3425386926
dimwishlist:item=2429822977&perks=3250034553,106909392,1168162263,3523296417
dimwishlist:item=2429822977&perks=1482024992,106909392,1168162263,3523296417
dimwishlist:item=2429822977&perks=202670084,106909392,1168162263,3523296417
dimwishlist:item=2429822977&perks=3250034553,1087426260,1168162263,3523296417
dimwishlist:item=2429822977&perks=1482024992,1087426260,1168162263,3523296417
dimwishlist:item=2429822977&perks=202670084,1087426260,1168162263,3523296417
dimwishlist:item=2429822977&perks=3250034553,3142289711,1168162263,3523296417
dimwishlist:item=2429822977&perks=1482024992,3142289711,1168162263,3523296417
dimwishlist:item=2429822977&perks=202670084,3142289711,1168162263,3523296417
dimwishlist:item=2429822977&perks=3250034553,106909392,1820235745,3523296417
dimwishlist:item=2429822977&perks=1482024992,106909392,1820235745,3523296417
dimwishlist:item=2429822977&perks=202670084,106909392,1820235745,3523296417
dimwishlist:item=2429822977&perks=3250034553,1087426260,1820235745,3523296417
dimwishlist:item=2429822977&perks=1482024992,1087426260,1820235745,3523296417
dimwishlist:item=2429822977&perks=202670084,1087426260,1820235745,3523296417
dimwishlist:item=2429822977&perks=3250034553,3142289711,1820235745,3523296417
dimwishlist:item=2429822977&perks=1482024992,3142289711,1820235745,3523296417
dimwishlist:item=2429822977&perks=202670084,3142289711,1820235745,3523296417
dimwishlist:item=2429822977&perks=3250034553,106909392,3400784728,3523296417
dimwishlist:item=2429822977&perks=1482024992,106909392,3400784728,3523296417
dimwishlist:item=2429822977&perks=202670084,106909392,3400784728,3523296417
dimwishlist:item=2429822977&perks=3250034553,1087426260,3400784728,3523296417
dimwishlist:item=2429822977&perks=1482024992,1087426260,3400784728,3523296417
dimwishlist:item=2429822977&perks=202670084,1087426260,3400784728,3523296417
dimwishlist:item=2429822977&perks=3250034553,3142289711,3400784728,3523296417
dimwishlist:item=2429822977&perks=1482024992,3142289711,3400784728,3523296417
dimwishlist:item=2429822977&perks=202670084,3142289711,3400784728,3523296417
dimwishlist:item=2429822977&perks=3250034553,106909392,3124871000,3523296417
dimwishlist:item=2429822977&perks=1482024992,106909392,3124871000,3523296417
dimwishlist:item=2429822977&perks=202670084,106909392,3124871000,3523296417
dimwishlist:item=2429822977&perks=3250034553,1087426260,3124871000,3523296417
dimwishlist:item=2429822977&perks=1482024992,1087426260,3124871000,3523296417
dimwishlist:item=2429822977&perks=202670084,1087426260,3124871000,3523296417
dimwishlist:item=2429822977&perks=3250034553,3142289711,3124871000,3523296417
dimwishlist:item=2429822977&perks=1482024992,3142289711,3124871000,3523296417
dimwishlist:item=2429822977&perks=202670084,3142289711,3124871000,3523296417

//Calusea Noblesse
dimwishlist:item=2338088853&perks=1840239774,106909392,1168162263,2458213969
dimwishlist:item=2338088853&perks=1392496348,106909392,1168162263,2458213969
dimwishlist:item=2338088853&perks=4090651448,106909392,1168162263,2458213969
dimwishlist:item=2338088853&perks=1840239774,1087426260,1168162263,2458213969
dimwishlist:item=2338088853&perks=1392496348,1087426260,1168162263,2458213969
dimwishlist:item=2338088853&perks=4090651448,1087426260,1168162263,2458213969
dimwishlist:item=2338088853&perks=1840239774,3177308360,1168162263,2458213969
dimwishlist:item=2338088853&perks=1392496348,3177308360,1168162263,2458213969
dimwishlist:item=2338088853&perks=4090651448,3177308360,1168162263,2458213969
dimwishlist:item=2338088853&perks=1840239774,106909392,1820235745,2458213969
dimwishlist:item=2338088853&perks=1392496348,106909392,1820235745,2458213969
dimwishlist:item=2338088853&perks=4090651448,106909392,1820235745,2458213969
dimwishlist:item=2338088853&perks=1840239774,1087426260,1820235745,2458213969
dimwishlist:item=2338088853&perks=1392496348,1087426260,1820235745,2458213969
dimwishlist:item=2338088853&perks=4090651448,1087426260,1820235745,2458213969
dimwishlist:item=2338088853&perks=1840239774,3177308360,1820235745,2458213969
dimwishlist:item=2338088853&perks=1392496348,3177308360,1820235745,2458213969
dimwishlist:item=2338088853&perks=4090651448,3177308360,1820235745,2458213969
dimwishlist:item=2338088853&perks=1840239774,106909392,3124871000,2458213969
dimwishlist:item=2338088853&perks=1392496348,106909392,3124871000,2458213969
dimwishlist:item=2338088853&perks=4090651448,106909392,3124871000,2458213969
dimwishlist:item=2338088853&perks=1840239774,1087426260,3124871000,2458213969
dimwishlist:item=2338088853&perks=1392496348,1087426260,3124871000,2458213969
dimwishlist:item=2338088853&perks=4090651448,1087426260,3124871000,2458213969
dimwishlist:item=2338088853&perks=1840239774,3177308360,3124871000,2458213969
dimwishlist:item=2338088853&perks=1392496348,3177308360,3124871000,2458213969
dimwishlist:item=2338088853&perks=4090651448,3177308360,3124871000,2458213969
dimwishlist:item=2338088853&perks=1840239774,106909392,1168162263,3425386926
dimwishlist:item=2338088853&perks=1392496348,106909392,1168162263,3425386926
dimwishlist:item=2338088853&perks=4090651448,106909392,1168162263,3425386926
dimwishlist:item=2338088853&perks=1840239774,1087426260,1168162263,3425386926
dimwishlist:item=2338088853&perks=1392496348,1087426260,1168162263,3425386926
dimwishlist:item=2338088853&perks=4090651448,1087426260,1168162263,3425386926
dimwishlist:item=2338088853&perks=1840239774,3177308360,1168162263,3425386926
dimwishlist:item=2338088853&perks=1392496348,3177308360,1168162263,3425386926
dimwishlist:item=2338088853&perks=4090651448,3177308360,1168162263,3425386926
dimwishlist:item=2338088853&perks=1840239774,106909392,1820235745,3425386926
dimwishlist:item=2338088853&perks=1392496348,106909392,1820235745,3425386926
dimwishlist:item=2338088853&perks=4090651448,106909392,1820235745,3425386926
dimwishlist:item=2338088853&perks=1840239774,1087426260,1820235745,3425386926
dimwishlist:item=2338088853&perks=1392496348,1087426260,1820235745,3425386926
dimwishlist:item=2338088853&perks=4090651448,1087426260,1820235745,3425386926
dimwishlist:item=2338088853&perks=1840239774,3177308360,1820235745,3425386926
dimwishlist:item=2338088853&perks=1392496348,3177308360,1820235745,3425386926
dimwishlist:item=2338088853&perks=4090651448,3177308360,1820235745,3425386926
dimwishlist:item=2338088853&perks=1840239774,106909392,3124871000,3425386926
dimwishlist:item=2338088853&perks=1392496348,106909392,3124871000,3425386926
dimwishlist:item=2338088853&perks=4090651448,106909392,3124871000,3425386926
dimwishlist:item=2338088853&perks=1840239774,1087426260,3124871000,3425386926
dimwishlist:item=2338088853&perks=1392496348,1087426260,3124871000,3425386926
dimwishlist:item=2338088853&perks=4090651448,1087426260,3124871000,3425386926
dimwishlist:item=2338088853&perks=1840239774,3177308360,3124871000,3425386926
dimwishlist:item=2338088853&perks=1392496348,3177308360,3124871000,3425386926
dimwishlist:item=2338088853&perks=4090651448,3177308360,3124871000,3425386926
dimwishlist:item=2338088853&perks=1840239774,106909392,1168162263,2848615171
dimwishlist:item=2338088853&perks=1392496348,106909392,1168162263,2848615171
dimwishlist:item=2338088853&perks=4090651448,106909392,1168162263,2848615171
dimwishlist:item=2338088853&perks=1840239774,1087426260,1168162263,2848615171
dimwishlist:item=2338088853&perks=1392496348,1087426260,1168162263,2848615171
dimwishlist:item=2338088853&perks=4090651448,1087426260,1168162263,2848615171
dimwishlist:item=2338088853&perks=1840239774,3177308360,1168162263,2848615171
dimwishlist:item=2338088853&perks=1392496348,3177308360,1168162263,2848615171
dimwishlist:item=2338088853&perks=4090651448,3177308360,1168162263,2848615171
dimwishlist:item=2338088853&perks=1840239774,106909392,1820235745,2848615171
dimwishlist:item=2338088853&perks=1392496348,106909392,1820235745,2848615171
dimwishlist:item=2338088853&perks=4090651448,106909392,1820235745,2848615171
dimwishlist:item=2338088853&perks=1840239774,1087426260,1820235745,2848615171
dimwishlist:item=2338088853&perks=1392496348,1087426260,1820235745,2848615171
dimwishlist:item=2338088853&perks=4090651448,1087426260,1820235745,2848615171
dimwishlist:item=2338088853&perks=1840239774,3177308360,1820235745,2848615171
dimwishlist:item=2338088853&perks=1392496348,3177308360,1820235745,2848615171
dimwishlist:item=2338088853&perks=4090651448,3177308360,1820235745,2848615171
dimwishlist:item=2338088853&perks=1840239774,106909392,3124871000,2848615171
dimwishlist:item=2338088853&perks=1392496348,106909392,3124871000,2848615171
dimwishlist:item=2338088853&perks=4090651448,106909392,3124871000,2848615171
dimwishlist:item=2338088853&perks=1840239774,1087426260,3124871000,2848615171
dimwishlist:item=2338088853&perks=1392496348,1087426260,3124871000,2848615171
dimwishlist:item=2338088853&perks=4090651448,1087426260,3124871000,2848615171
dimwishlist:item=2338088853&perks=1840239774,3177308360,3124871000,2848615171
dimwishlist:item=2338088853&perks=1392496348,3177308360,3124871000,2848615171
dimwishlist:item=2338088853&perks=4090651448,3177308360,3124871000,2848615171

//Drang (Baroque)
dimwishlist:item=79075821&perks=3661387068,1087426260,2117683199,3425386926
dimwishlist:item=79075821&perks=1467527085,1087426260,2117683199,3425386926
dimwishlist:item=79075821&perks=3250034553,1087426260,2117683199,3425386926
dimwishlist:item=79075821&perks=3661387068,1561002382,2117683199,3425386926
dimwishlist:item=79075821&perks=1467527085,1561002382,2117683199,3425386926
dimwishlist:item=79075821&perks=3250034553,1561002382,2117683199,3425386926
dimwishlist:item=79075821&perks=3661387068,1431678320,2117683199,3425386926
dimwishlist:item=79075821&perks=1467527085,1431678320,2117683199,3425386926
dimwishlist:item=79075821&perks=3250034553,1431678320,2117683199,3425386926
dimwishlist:item=79075821&perks=3661387068,1087426260,1683379515,3425386926
dimwishlist:item=79075821&perks=1467527085,1087426260,1683379515,3425386926
dimwishlist:item=79075821&perks=3250034553,1087426260,1683379515,3425386926
dimwishlist:item=79075821&perks=3661387068,1561002382,1683379515,3425386926
dimwishlist:item=79075821&perks=1467527085,1561002382,1683379515,3425386926
dimwishlist:item=79075821&perks=3250034553,1561002382,1683379515,3425386926
dimwishlist:item=79075821&perks=3661387068,1431678320,1683379515,3425386926
dimwishlist:item=79075821&perks=1467527085,1431678320,1683379515,3425386926
dimwishlist:item=79075821&perks=3250034553,1431678320,1683379515,3425386926
dimwishlist:item=79075821&perks=3661387068,1087426260,706527188,3425386926
dimwishlist:item=79075821&perks=1467527085,1087426260,706527188,3425386926
dimwishlist:item=79075821&perks=3250034553,1087426260,706527188,3425386926
dimwishlist:item=79075821&perks=3661387068,1561002382,706527188,3425386926
dimwishlist:item=79075821&perks=1467527085,1561002382,706527188,3425386926
dimwishlist:item=79075821&perks=3250034553,1561002382,706527188,3425386926
dimwishlist:item=79075821&perks=3661387068,1431678320,706527188,3425386926
dimwishlist:item=79075821&perks=1467527085,1431678320,706527188,3425386926
dimwishlist:item=79075821&perks=3250034553,1431678320,706527188,3425386926
dimwishlist:item=79075821&perks=3661387068,1087426260,4267945040,3425386926
dimwishlist:item=79075821&perks=1467527085,1087426260,4267945040,3425386926
dimwishlist:item=79075821&perks=3250034553,1087426260,4267945040,3425386926
dimwishlist:item=79075821&perks=3661387068,1561002382,4267945040,3425386926
dimwishlist:item=79075821&perks=1467527085,1561002382,4267945040,3425386926
dimwishlist:item=79075821&perks=3250034553,1561002382,4267945040,3425386926
dimwishlist:item=79075821&perks=3661387068,1431678320,4267945040,3425386926
dimwishlist:item=79075821&perks=1467527085,1431678320,4267945040,3425386926
dimwishlist:item=79075821&perks=3250034553,1431678320,4267945040,3425386926
dimwishlist:item=79075821&perks=3661387068,1087426260,3871884143,3425386926
dimwishlist:item=79075821&perks=1467527085,1087426260,3871884143,3425386926
dimwishlist:item=79075821&perks=3250034553,1087426260,3871884143,3425386926
dimwishlist:item=79075821&perks=3661387068,1561002382,3871884143,3425386926
dimwishlist:item=79075821&perks=1467527085,1561002382,3871884143,3425386926
dimwishlist:item=79075821&perks=3250034553,1561002382,3871884143,3425386926
dimwishlist:item=79075821&perks=3661387068,1431678320,3871884143,3425386926
dimwishlist:item=79075821&perks=1467527085,1431678320,3871884143,3425386926
dimwishlist:item=79075821&perks=3250034553,1431678320,3871884143,3425386926
dimwishlist:item=79075821&perks=3661387068,1087426260,2117683199,4082225868
dimwishlist:item=79075821&perks=1467527085,1087426260,2117683199,4082225868
dimwishlist:item=79075821&perks=3250034553,1087426260,2117683199,4082225868
dimwishlist:item=79075821&perks=3661387068,1561002382,2117683199,4082225868
dimwishlist:item=79075821&perks=1467527085,1561002382,2117683199,4082225868
dimwishlist:item=79075821&perks=3250034553,1561002382,2117683199,4082225868
dimwishlist:item=79075821&perks=3661387068,1431678320,2117683199,4082225868
dimwishlist:item=79075821&perks=1467527085,1431678320,2117683199,4082225868
dimwishlist:item=79075821&perks=3250034553,1431678320,2117683199,4082225868
dimwishlist:item=79075821&perks=3661387068,1087426260,1683379515,4082225868
dimwishlist:item=79075821&perks=1467527085,1087426260,1683379515,4082225868
dimwishlist:item=79075821&perks=3250034553,1087426260,1683379515,4082225868
dimwishlist:item=79075821&perks=3661387068,1561002382,1683379515,4082225868
dimwishlist:item=79075821&perks=1467527085,1561002382,1683379515,4082225868
dimwishlist:item=79075821&perks=3250034553,1561002382,1683379515,4082225868
dimwishlist:item=79075821&perks=3661387068,1431678320,1683379515,4082225868
dimwishlist:item=79075821&perks=1467527085,1431678320,1683379515,4082225868
dimwishlist:item=79075821&perks=3250034553,1431678320,1683379515,4082225868
dimwishlist:item=79075821&perks=3661387068,1087426260,706527188,4082225868
dimwishlist:item=79075821&perks=1467527085,1087426260,706527188,4082225868
dimwishlist:item=79075821&perks=3250034553,1087426260,706527188,4082225868
dimwishlist:item=79075821&perks=3661387068,1561002382,706527188,4082225868
dimwishlist:item=79075821&perks=1467527085,1561002382,706527188,4082225868
dimwishlist:item=79075821&perks=3250034553,1561002382,706527188,4082225868
dimwishlist:item=79075821&perks=3661387068,1431678320,706527188,4082225868
dimwishlist:item=79075821&perks=1467527085,1431678320,706527188,4082225868
dimwishlist:item=79075821&perks=3250034553,1431678320,706527188,4082225868
dimwishlist:item=79075821&perks=3661387068,1087426260,4267945040,4082225868
dimwishlist:item=79075821&perks=1467527085,1087426260,4267945040,4082225868
dimwishlist:item=79075821&perks=3250034553,1087426260,4267945040,4082225868
dimwishlist:item=79075821&perks=3661387068,1561002382,4267945040,4082225868
dimwishlist:item=79075821&perks=1467527085,1561002382,4267945040,4082225868
dimwishlist:item=79075821&perks=3250034553,1561002382,4267945040,4082225868
dimwishlist:item=79075821&perks=3661387068,1431678320,4267945040,4082225868
dimwishlist:item=79075821&perks=1467527085,1431678320,4267945040,4082225868
dimwishlist:item=79075821&perks=3250034553,1431678320,4267945040,4082225868
dimwishlist:item=79075821&perks=3661387068,1087426260,3871884143,4082225868
dimwishlist:item=79075821&perks=1467527085,1087426260,3871884143,4082225868
dimwishlist:item=79075821&perks=3250034553,1087426260,3871884143,4082225868
dimwishlist:item=79075821&perks=3661387068,1561002382,3871884143,4082225868
dimwishlist:item=79075821&perks=1467527085,1561002382,3871884143,4082225868
dimwishlist:item=79075821&perks=3250034553,1561002382,3871884143,4082225868
dimwishlist:item=79075821&perks=3661387068,1431678320,3871884143,4082225868
dimwishlist:item=79075821&perks=1467527085,1431678320,3871884143,4082225868
dimwishlist:item=79075821&perks=3250034553,1431678320,3871884143,4082225868
dimwishlist:item=79075821&perks=3661387068,1087426260,2117683199,205890336
dimwishlist:item=79075821&perks=1467527085,1087426260,2117683199,205890336
dimwishlist:item=79075821&perks=3250034553,1087426260,2117683199,205890336
dimwishlist:item=79075821&perks=3661387068,1561002382,2117683199,205890336
dimwishlist:item=79075821&perks=1467527085,1561002382,2117683199,205890336
dimwishlist:item=79075821&perks=3250034553,1561002382,2117683199,205890336
dimwishlist:item=79075821&perks=3661387068,1431678320,2117683199,205890336
dimwishlist:item=79075821&perks=1467527085,1431678320,2117683199,205890336
dimwishlist:item=79075821&perks=3250034553,1431678320,2117683199,205890336
dimwishlist:item=79075821&perks=3661387068,1087426260,1683379515,205890336
dimwishlist:item=79075821&perks=1467527085,1087426260,1683379515,205890336
dimwishlist:item=79075821&perks=3250034553,1087426260,1683379515,205890336
dimwishlist:item=79075821&perks=3661387068,1561002382,1683379515,205890336
dimwishlist:item=79075821&perks=1467527085,1561002382,1683379515,205890336
dimwishlist:item=79075821&perks=3250034553,1561002382,1683379515,205890336
dimwishlist:item=79075821&perks=3661387068,1431678320,1683379515,205890336
dimwishlist:item=79075821&perks=1467527085,1431678320,1683379515,205890336
dimwishlist:item=79075821&perks=3250034553,1431678320,1683379515,205890336
dimwishlist:item=79075821&perks=3661387068,1087426260,706527188,205890336
dimwishlist:item=79075821&perks=1467527085,1087426260,706527188,205890336
dimwishlist:item=79075821&perks=3250034553,1087426260,706527188,205890336
dimwishlist:item=79075821&perks=3661387068,1561002382,706527188,205890336
dimwishlist:item=79075821&perks=1467527085,1561002382,706527188,205890336
dimwishlist:item=79075821&perks=3250034553,1561002382,706527188,205890336
dimwishlist:item=79075821&perks=3661387068,1431678320,706527188,205890336
dimwishlist:item=79075821&perks=1467527085,1431678320,706527188,205890336
dimwishlist:item=79075821&perks=3250034553,1431678320,706527188,205890336
dimwishlist:item=79075821&perks=3661387068,1087426260,4267945040,205890336
dimwishlist:item=79075821&perks=1467527085,1087426260,4267945040,205890336
dimwishlist:item=79075821&perks=3250034553,1087426260,4267945040,205890336
dimwishlist:item=79075821&perks=3661387068,1561002382,4267945040,205890336
dimwishlist:item=79075821&perks=1467527085,1561002382,4267945040,205890336
dimwishlist:item=79075821&perks=3250034553,1561002382,4267945040,205890336
dimwishlist:item=79075821&perks=3661387068,1431678320,4267945040,205890336
dimwishlist:item=79075821&perks=1467527085,1431678320,4267945040,205890336
dimwishlist:item=79075821&perks=3250034553,1431678320,4267945040,205890336
dimwishlist:item=79075821&perks=3661387068,1087426260,3871884143,205890336
dimwishlist:item=79075821&perks=1467527085,1087426260,3871884143,205890336
dimwishlist:item=79075821&perks=3250034553,1087426260,3871884143,205890336
dimwishlist:item=79075821&perks=3661387068,1561002382,3871884143,205890336
dimwishlist:item=79075821&perks=1467527085,1561002382,3871884143,205890336
dimwishlist:item=79075821&perks=3250034553,1561002382,3871884143,205890336
dimwishlist:item=79075821&perks=3661387068,1431678320,3871884143,205890336
dimwishlist:item=79075821&perks=1467527085,1431678320,3871884143,205890336
dimwishlist:item=79075821&perks=3250034553,1431678320,3871884143,205890336

//Calus Mini-Tool
dimwishlist:item=174192097&perks=3661387068,1561002382,1631667848,3708227201
dimwishlist:item=174192097&perks=1467527085,1561002382,1631667848,3708227201
dimwishlist:item=174192097&perks=1840239774,1561002382,1631667848,3708227201
dimwishlist:item=174192097&perks=3661387068,1087426260,1631667848,3708227201
dimwishlist:item=174192097&perks=1467527085,1087426260,1631667848,3708227201
dimwishlist:item=174192097&perks=1840239774,1087426260,1631667848,3708227201
dimwishlist:item=174192097&perks=3661387068,3230963543,1631667848,3708227201
dimwishlist:item=174192097&perks=1467527085,3230963543,1631667848,3708227201
dimwishlist:item=174192097&perks=1840239774,3230963543,1631667848,3708227201
dimwishlist:item=174192097&perks=3661387068,1561002382,1359896290,3708227201
dimwishlist:item=174192097&perks=1467527085,1561002382,1359896290,3708227201
dimwishlist:item=174192097&perks=1840239774,1561002382,1359896290,3708227201
dimwishlist:item=174192097&perks=3661387068,1087426260,1359896290,3708227201
dimwishlist:item=174192097&perks=1467527085,1087426260,1359896290,3708227201
dimwishlist:item=174192097&perks=1840239774,1087426260,1359896290,3708227201
dimwishlist:item=174192097&perks=3661387068,3230963543,1359896290,3708227201
dimwishlist:item=174192097&perks=1467527085,3230963543,1359896290,3708227201
dimwishlist:item=174192097&perks=1840239774,3230963543,1359896290,3708227201
dimwishlist:item=174192097&perks=3661387068,1561002382,1631667848,1683379515
dimwishlist:item=174192097&perks=1467527085,1561002382,1631667848,1683379515
dimwishlist:item=174192097&perks=1840239774,1561002382,1631667848,1683379515
dimwishlist:item=174192097&perks=3661387068,1087426260,1631667848,1683379515
dimwishlist:item=174192097&perks=1467527085,1087426260,1631667848,1683379515
dimwishlist:item=174192097&perks=1840239774,1087426260,1631667848,1683379515
dimwishlist:item=174192097&perks=3661387068,3230963543,1631667848,1683379515
dimwishlist:item=174192097&perks=1467527085,3230963543,1631667848,1683379515
dimwishlist:item=174192097&perks=1840239774,3230963543,1631667848,1683379515
dimwishlist:item=174192097&perks=3661387068,1561002382,1359896290,1683379515
dimwishlist:item=174192097&perks=1467527085,1561002382,1359896290,1683379515
dimwishlist:item=174192097&perks=1840239774,1561002382,1359896290,1683379515
dimwishlist:item=174192097&perks=3661387068,1087426260,1359896290,1683379515
dimwishlist:item=174192097&perks=1467527085,1087426260,1359896290,1683379515
dimwishlist:item=174192097&perks=1840239774,1087426260,1359896290,1683379515
dimwishlist:item=174192097&perks=3661387068,3230963543,1359896290,1683379515
dimwishlist:item=174192097&perks=1467527085,3230963543,1359896290,1683379515
dimwishlist:item=174192097&perks=1840239774,3230963543,1359896290,1683379515
dimwishlist:item=174192097&perks=3661387068,1561002382,1631667848,2779035018
dimwishlist:item=174192097&perks=1467527085,1561002382,1631667848,2779035018
dimwishlist:item=174192097&perks=1840239774,1561002382,1631667848,2779035018
dimwishlist:item=174192097&perks=3661387068,1087426260,1631667848,2779035018
dimwishlist:item=174192097&perks=1467527085,1087426260,1631667848,2779035018
dimwishlist:item=174192097&perks=1840239774,1087426260,1631667848,2779035018
dimwishlist:item=174192097&perks=3661387068,3230963543,1631667848,2779035018
dimwishlist:item=174192097&perks=1467527085,3230963543,1631667848,2779035018
dimwishlist:item=174192097&perks=1840239774,3230963543,1631667848,2779035018
dimwishlist:item=174192097&perks=3661387068,1561002382,1359896290,2779035018
dimwishlist:item=174192097&perks=1467527085,1561002382,1359896290,2779035018
dimwishlist:item=174192097&perks=1840239774,1561002382,1359896290,2779035018
dimwishlist:item=174192097&perks=3661387068,1087426260,1359896290,2779035018
dimwishlist:item=174192097&perks=1467527085,1087426260,1359896290,2779035018
dimwishlist:item=174192097&perks=1840239774,1087426260,1359896290,2779035018
dimwishlist:item=174192097&perks=3661387068,3230963543,1359896290,2779035018
dimwishlist:item=174192097&perks=1467527085,3230963543,1359896290,2779035018
dimwishlist:item=174192097&perks=1840239774,3230963543,1359896290,2779035018
dimwishlist:item=174192097&perks=3661387068,1561002382,1631667848,3871884143
dimwishlist:item=174192097&perks=1467527085,1561002382,1631667848,3871884143
dimwishlist:item=174192097&perks=1840239774,1561002382,1631667848,3871884143
dimwishlist:item=174192097&perks=3661387068,1087426260,1631667848,3871884143
dimwishlist:item=174192097&perks=1467527085,1087426260,1631667848,3871884143
dimwishlist:item=174192097&perks=1840239774,1087426260,1631667848,3871884143
dimwishlist:item=174192097&perks=3661387068,3230963543,1631667848,3871884143
dimwishlist:item=174192097&perks=1467527085,3230963543,1631667848,3871884143
dimwishlist:item=174192097&perks=1840239774,3230963543,1631667848,3871884143
dimwishlist:item=174192097&perks=3661387068,1561002382,1359896290,3871884143
dimwishlist:item=174192097&perks=1467527085,1561002382,1359896290,3871884143
dimwishlist:item=174192097&perks=1840239774,1561002382,1359896290,3871884143
dimwishlist:item=174192097&perks=3661387068,1087426260,1359896290,3871884143
dimwishlist:item=174192097&perks=1467527085,1087426260,1359896290,3871884143
dimwishlist:item=174192097&perks=1840239774,1087426260,1359896290,3871884143
dimwishlist:item=174192097&perks=3661387068,3230963543,1359896290,3871884143
dimwishlist:item=174192097&perks=1467527085,3230963543,1359896290,3871884143
dimwishlist:item=174192097&perks=1840239774,3230963543,1359896290,3871884143

//The Epicurean
dimwishlist:item=4124357815&perks=1840239774,1687452232,2779035018,4082225868
dimwishlist:item=4124357815&perks=4090651448,1687452232,2779035018,4082225868
dimwishlist:item=4124357815&perks=1392496348,1687452232,2779035018,4082225868
dimwishlist:item=4124357815&perks=1840239774,2680121939,2779035018,4082225868
dimwishlist:item=4124357815&perks=4090651448,2680121939,2779035018,4082225868
dimwishlist:item=4124357815&perks=1392496348,2680121939,2779035018,4082225868
dimwishlist:item=4124357815&perks=1840239774,2969185026,2779035018,4082225868
dimwishlist:item=4124357815&perks=4090651448,2969185026,2779035018,4082225868
dimwishlist:item=4124357815&perks=1392496348,2969185026,2779035018,4082225868
dimwishlist:item=4124357815&perks=1840239774,1687452232,706527188,4082225868
dimwishlist:item=4124357815&perks=4090651448,1687452232,706527188,4082225868
dimwishlist:item=4124357815&perks=1392496348,1687452232,706527188,4082225868
dimwishlist:item=4124357815&perks=1840239774,2680121939,706527188,4082225868
dimwishlist:item=4124357815&perks=4090651448,2680121939,706527188,4082225868
dimwishlist:item=4124357815&perks=1392496348,2680121939,706527188,4082225868
dimwishlist:item=4124357815&perks=1840239774,2969185026,706527188,4082225868
dimwishlist:item=4124357815&perks=4090651448,2969185026,706527188,4082225868
dimwishlist:item=4124357815&perks=1392496348,2969185026,706527188,4082225868
dimwishlist:item=4124357815&perks=1840239774,1687452232,2779035018,3523296417
dimwishlist:item=4124357815&perks=4090651448,1687452232,2779035018,3523296417
dimwishlist:item=4124357815&perks=1392496348,1687452232,2779035018,3523296417
dimwishlist:item=4124357815&perks=1840239774,2680121939,2779035018,3523296417
dimwishlist:item=4124357815&perks=4090651448,2680121939,2779035018,3523296417
dimwishlist:item=4124357815&perks=1392496348,2680121939,2779035018,3523296417
dimwishlist:item=4124357815&perks=1840239774,2969185026,2779035018,3523296417
dimwishlist:item=4124357815&perks=4090651448,2969185026,2779035018,3523296417
dimwishlist:item=4124357815&perks=1392496348,2969185026,2779035018,3523296417
dimwishlist:item=4124357815&perks=1840239774,1687452232,706527188,3523296417
dimwishlist:item=4124357815&perks=4090651448,1687452232,706527188,3523296417
dimwishlist:item=4124357815&perks=1392496348,1687452232,706527188,3523296417
dimwishlist:item=4124357815&perks=1840239774,2680121939,706527188,3523296417
dimwishlist:item=4124357815&perks=4090651448,2680121939,706527188,3523296417
dimwishlist:item=4124357815&perks=1392496348,2680121939,706527188,3523296417
dimwishlist:item=4124357815&perks=1840239774,2969185026,706527188,3523296417
dimwishlist:item=4124357815&perks=4090651448,2969185026,706527188,3523296417
dimwishlist:item=4124357815&perks=1392496348,2969185026,706527188,3523296417
dimwishlist:item=4124357815&perks=1840239774,1687452232,2779035018,1600092898
dimwishlist:item=4124357815&perks=4090651448,1687452232,2779035018,1600092898
dimwishlist:item=4124357815&perks=1392496348,1687452232,2779035018,1600092898
dimwishlist:item=4124357815&perks=1840239774,2680121939,2779035018,1600092898
dimwishlist:item=4124357815&perks=4090651448,2680121939,2779035018,1600092898
dimwishlist:item=4124357815&perks=1392496348,2680121939,2779035018,1600092898
dimwishlist:item=4124357815&perks=1840239774,2969185026,2779035018,1600092898
dimwishlist:item=4124357815&perks=4090651448,2969185026,2779035018,1600092898
dimwishlist:item=4124357815&perks=1392496348,2969185026,2779035018,1600092898
dimwishlist:item=4124357815&perks=1840239774,1687452232,706527188,1600092898
dimwishlist:item=4124357815&perks=4090651448,1687452232,706527188,1600092898
dimwishlist:item=4124357815&perks=1392496348,1687452232,706527188,1600092898
dimwishlist:item=4124357815&perks=1840239774,2680121939,706527188,1600092898
dimwishlist:item=4124357815&perks=4090651448,2680121939,706527188,1600092898
dimwishlist:item=4124357815&perks=1392496348,2680121939,706527188,1600092898
dimwishlist:item=4124357815&perks=1840239774,2969185026,706527188,1600092898
dimwishlist:item=4124357815&perks=4090651448,2969185026,706527188,1600092898
dimwishlist:item=4124357815&perks=1392496348,2969185026,706527188,1600092898

//Imperial Decree
dimwishlist:item=2919334548&perks=1482024992,106909392,2779035018,806159697
dimwishlist:item=2919334548&perks=1332244541,106909392,2779035018,806159697
dimwishlist:item=2919334548&perks=4090651448,106909392,2779035018,806159697
dimwishlist:item=2919334548&perks=1482024992,1087426260,2779035018,806159697
dimwishlist:item=2919334548&perks=1332244541,1087426260,2779035018,806159697
dimwishlist:item=2919334548&perks=4090651448,1087426260,2779035018,806159697
dimwishlist:item=2919334548&perks=1482024992,791862061,2779035018,806159697
dimwishlist:item=2919334548&perks=1332244541,791862061,2779035018,806159697
dimwishlist:item=2919334548&perks=4090651448,791862061,2779035018,806159697
dimwishlist:item=2919334548&perks=1482024992,2420895100,2779035018,806159697
dimwishlist:item=2919334548&perks=1332244541,2420895100,2779035018,806159697
dimwishlist:item=2919334548&perks=4090651448,2420895100,2779035018,806159697
dimwishlist:item=2919334548&perks=1482024992,106909392,1631667848,806159697
dimwishlist:item=2919334548&perks=1332244541,106909392,1631667848,806159697
dimwishlist:item=2919334548&perks=4090651448,106909392,1631667848,806159697
dimwishlist:item=2919334548&perks=1482024992,1087426260,1631667848,806159697
dimwishlist:item=2919334548&perks=1332244541,1087426260,1631667848,806159697
dimwishlist:item=2919334548&perks=4090651448,1087426260,1631667848,806159697
dimwishlist:item=2919334548&perks=1482024992,791862061,1631667848,806159697
dimwishlist:item=2919334548&perks=1332244541,791862061,1631667848,806159697
dimwishlist:item=2919334548&perks=4090651448,791862061,1631667848,806159697
dimwishlist:item=2919334548&perks=1482024992,2420895100,1631667848,806159697
dimwishlist:item=2919334548&perks=1332244541,2420895100,1631667848,806159697
dimwishlist:item=2919334548&perks=4090651448,2420895100,1631667848,806159697
dimwishlist:item=2919334548&perks=1482024992,106909392,2117683199,806159697
dimwishlist:item=2919334548&perks=1332244541,106909392,2117683199,806159697
dimwishlist:item=2919334548&perks=4090651448,106909392,2117683199,806159697
dimwishlist:item=2919334548&perks=1482024992,1087426260,2117683199,806159697
dimwishlist:item=2919334548&perks=1332244541,1087426260,2117683199,806159697
dimwishlist:item=2919334548&perks=4090651448,1087426260,2117683199,806159697
dimwishlist:item=2919334548&perks=1482024992,791862061,2117683199,806159697
dimwishlist:item=2919334548&perks=1332244541,791862061,2117683199,806159697
dimwishlist:item=2919334548&perks=4090651448,791862061,2117683199,806159697
dimwishlist:item=2919334548&perks=1482024992,2420895100,2117683199,806159697
dimwishlist:item=2919334548&perks=1332244541,2420895100,2117683199,806159697
dimwishlist:item=2919334548&perks=4090651448,2420895100,2117683199,806159697
dimwishlist:item=2919334548&perks=1482024992,106909392,4267945040,806159697
dimwishlist:item=2919334548&perks=1332244541,106909392,4267945040,806159697
dimwishlist:item=2919334548&perks=4090651448,106909392,4267945040,806159697
dimwishlist:item=2919334548&perks=1482024992,1087426260,4267945040,806159697
dimwishlist:item=2919334548&perks=1332244541,1087426260,4267945040,806159697
dimwishlist:item=2919334548&perks=4090651448,1087426260,4267945040,806159697
dimwishlist:item=2919334548&perks=1482024992,791862061,4267945040,806159697
dimwishlist:item=2919334548&perks=1332244541,791862061,4267945040,806159697
dimwishlist:item=2919334548&perks=4090651448,791862061,4267945040,806159697
dimwishlist:item=2919334548&perks=1482024992,2420895100,4267945040,806159697
dimwishlist:item=2919334548&perks=1332244541,2420895100,4267945040,806159697
dimwishlist:item=2919334548&perks=4090651448,2420895100,4267945040,806159697
dimwishlist:item=2919334548&perks=1482024992,106909392,2779035018,4082225868
dimwishlist:item=2919334548&perks=1332244541,106909392,2779035018,4082225868
dimwishlist:item=2919334548&perks=4090651448,106909392,2779035018,4082225868
dimwishlist:item=2919334548&perks=1482024992,1087426260,2779035018,4082225868
dimwishlist:item=2919334548&perks=1332244541,1087426260,2779035018,4082225868
dimwishlist:item=2919334548&perks=4090651448,1087426260,2779035018,4082225868
dimwishlist:item=2919334548&perks=1482024992,791862061,2779035018,4082225868
dimwishlist:item=2919334548&perks=1332244541,791862061,2779035018,4082225868
dimwishlist:item=2919334548&perks=4090651448,791862061,2779035018,4082225868
dimwishlist:item=2919334548&perks=1482024992,2420895100,2779035018,4082225868
dimwishlist:item=2919334548&perks=1332244541,2420895100,2779035018,4082225868
dimwishlist:item=2919334548&perks=4090651448,2420895100,2779035018,4082225868
dimwishlist:item=2919334548&perks=1482024992,106909392,1631667848,4082225868
dimwishlist:item=2919334548&perks=1332244541,106909392,1631667848,4082225868
dimwishlist:item=2919334548&perks=4090651448,106909392,1631667848,4082225868
dimwishlist:item=2919334548&perks=1482024992,1087426260,1631667848,4082225868
dimwishlist:item=2919334548&perks=1332244541,1087426260,1631667848,4082225868
dimwishlist:item=2919334548&perks=4090651448,1087426260,1631667848,4082225868
dimwishlist:item=2919334548&perks=1482024992,791862061,1631667848,4082225868
dimwishlist:item=2919334548&perks=1332244541,791862061,1631667848,4082225868
dimwishlist:item=2919334548&perks=4090651448,791862061,1631667848,4082225868
dimwishlist:item=2919334548&perks=1482024992,2420895100,1631667848,4082225868
dimwishlist:item=2919334548&perks=1332244541,2420895100,1631667848,4082225868
dimwishlist:item=2919334548&perks=4090651448,2420895100,1631667848,4082225868
dimwishlist:item=2919334548&perks=1482024992,106909392,2117683199,4082225868
dimwishlist:item=2919334548&perks=1332244541,106909392,2117683199,4082225868
dimwishlist:item=2919334548&perks=4090651448,106909392,2117683199,4082225868
dimwishlist:item=2919334548&perks=1482024992,1087426260,2117683199,4082225868
dimwishlist:item=2919334548&perks=1332244541,1087426260,2117683199,4082225868
dimwishlist:item=2919334548&perks=4090651448,1087426260,2117683199,4082225868
dimwishlist:item=2919334548&perks=1482024992,791862061,2117683199,4082225868
dimwishlist:item=2919334548&perks=1332244541,791862061,2117683199,4082225868
dimwishlist:item=2919334548&perks=4090651448,791862061,2117683199,4082225868
dimwishlist:item=2919334548&perks=1482024992,2420895100,2117683199,4082225868
dimwishlist:item=2919334548&perks=1332244541,2420895100,2117683199,4082225868
dimwishlist:item=2919334548&perks=4090651448,2420895100,2117683199,4082225868
dimwishlist:item=2919334548&perks=1482024992,106909392,4267945040,4082225868
dimwishlist:item=2919334548&perks=1332244541,106909392,4267945040,4082225868
dimwishlist:item=2919334548&perks=4090651448,106909392,4267945040,4082225868
dimwishlist:item=2919334548&perks=1482024992,1087426260,4267945040,4082225868
dimwishlist:item=2919334548&perks=1332244541,1087426260,4267945040,4082225868
dimwishlist:item=2919334548&perks=4090651448,1087426260,4267945040,4082225868
dimwishlist:item=2919334548&perks=1482024992,791862061,4267945040,4082225868
dimwishlist:item=2919334548&perks=1332244541,791862061,4267945040,4082225868
dimwishlist:item=2919334548&perks=4090651448,791862061,4267945040,4082225868
dimwishlist:item=2919334548&perks=1482024992,2420895100,4267945040,4082225868
dimwishlist:item=2919334548&perks=1332244541,2420895100,4267945040,4082225868
dimwishlist:item=2919334548&perks=4090651448,2420895100,4267945040,4082225868
dimwishlist:item=2919334548&perks=1482024992,106909392,2779035018,3425386926
dimwishlist:item=2919334548&perks=1332244541,106909392,2779035018,3425386926
dimwishlist:item=2919334548&perks=4090651448,106909392,2779035018,3425386926
dimwishlist:item=2919334548&perks=1482024992,1087426260,2779035018,3425386926
dimwishlist:item=2919334548&perks=1332244541,1087426260,2779035018,3425386926
dimwishlist:item=2919334548&perks=4090651448,1087426260,2779035018,3425386926
dimwishlist:item=2919334548&perks=1482024992,791862061,2779035018,3425386926
dimwishlist:item=2919334548&perks=1332244541,791862061,2779035018,3425386926
dimwishlist:item=2919334548&perks=4090651448,791862061,2779035018,3425386926
dimwishlist:item=2919334548&perks=1482024992,2420895100,2779035018,3425386926
dimwishlist:item=2919334548&perks=1332244541,2420895100,2779035018,3425386926
dimwishlist:item=2919334548&perks=4090651448,2420895100,2779035018,3425386926
dimwishlist:item=2919334548&perks=1482024992,106909392,1631667848,3425386926
dimwishlist:item=2919334548&perks=1332244541,106909392,1631667848,3425386926
dimwishlist:item=2919334548&perks=4090651448,106909392,1631667848,3425386926
dimwishlist:item=2919334548&perks=1482024992,1087426260,1631667848,3425386926
dimwishlist:item=2919334548&perks=1332244541,1087426260,1631667848,3425386926
dimwishlist:item=2919334548&perks=4090651448,1087426260,1631667848,3425386926
dimwishlist:item=2919334548&perks=1482024992,791862061,1631667848,3425386926
dimwishlist:item=2919334548&perks=1332244541,791862061,1631667848,3425386926
dimwishlist:item=2919334548&perks=4090651448,791862061,1631667848,3425386926
dimwishlist:item=2919334548&perks=1482024992,2420895100,1631667848,3425386926
dimwishlist:item=2919334548&perks=1332244541,2420895100,1631667848,3425386926
dimwishlist:item=2919334548&perks=4090651448,2420895100,1631667848,3425386926
dimwishlist:item=2919334548&perks=1482024992,106909392,2117683199,3425386926
dimwishlist:item=2919334548&perks=1332244541,106909392,2117683199,3425386926
dimwishlist:item=2919334548&perks=4090651448,106909392,2117683199,3425386926
dimwishlist:item=2919334548&perks=1482024992,1087426260,2117683199,3425386926
dimwishlist:item=2919334548&perks=1332244541,1087426260,2117683199,3425386926
dimwishlist:item=2919334548&perks=4090651448,1087426260,2117683199,3425386926
dimwishlist:item=2919334548&perks=1482024992,791862061,2117683199,3425386926
dimwishlist:item=2919334548&perks=1332244541,791862061,2117683199,3425386926
dimwishlist:item=2919334548&perks=4090651448,791862061,2117683199,3425386926
dimwishlist:item=2919334548&perks=1482024992,2420895100,2117683199,3425386926
dimwishlist:item=2919334548&perks=1332244541,2420895100,2117683199,3425386926
dimwishlist:item=2919334548&perks=4090651448,2420895100,2117683199,3425386926
dimwishlist:item=2919334548&perks=1482024992,106909392,4267945040,3425386926
dimwishlist:item=2919334548&perks=1332244541,106909392,4267945040,3425386926
dimwishlist:item=2919334548&perks=4090651448,106909392,4267945040,3425386926
dimwishlist:item=2919334548&perks=1482024992,1087426260,4267945040,3425386926
dimwishlist:item=2919334548&perks=1332244541,1087426260,4267945040,3425386926
dimwishlist:item=2919334548&perks=4090651448,1087426260,4267945040,3425386926
dimwishlist:item=2919334548&perks=1482024992,791862061,4267945040,3425386926
dimwishlist:item=2919334548&perks=1332244541,791862061,4267945040,3425386926
dimwishlist:item=2919334548&perks=4090651448,791862061,4267945040,3425386926
dimwishlist:item=2919334548&perks=1482024992,2420895100,4267945040,3425386926
dimwishlist:item=2919334548&perks=1332244541,2420895100,4267945040,3425386926
dimwishlist:item=2919334548&perks=4090651448,2420895100,4267945040,3425386926
dimwishlist:item=2919334548&perks=1482024992,106909392,2779035018,2360754333
dimwishlist:item=2919334548&perks=1332244541,106909392,2779035018,2360754333
dimwishlist:item=2919334548&perks=4090651448,106909392,2779035018,2360754333
dimwishlist:item=2919334548&perks=1482024992,1087426260,2779035018,2360754333
dimwishlist:item=2919334548&perks=1332244541,1087426260,2779035018,2360754333
dimwishlist:item=2919334548&perks=4090651448,1087426260,2779035018,2360754333
dimwishlist:item=2919334548&perks=1482024992,791862061,2779035018,2360754333
dimwishlist:item=2919334548&perks=1332244541,791862061,2779035018,2360754333
dimwishlist:item=2919334548&perks=4090651448,791862061,2779035018,2360754333
dimwishlist:item=2919334548&perks=1482024992,2420895100,2779035018,2360754333
dimwishlist:item=2919334548&perks=1332244541,2420895100,2779035018,2360754333
dimwishlist:item=2919334548&perks=4090651448,2420895100,2779035018,2360754333
dimwishlist:item=2919334548&perks=1482024992,106909392,1631667848,2360754333
dimwishlist:item=2919334548&perks=1332244541,106909392,1631667848,2360754333
dimwishlist:item=2919334548&perks=4090651448,106909392,1631667848,2360754333
dimwishlist:item=2919334548&perks=1482024992,1087426260,1631667848,2360754333
dimwishlist:item=2919334548&perks=1332244541,1087426260,1631667848,2360754333
dimwishlist:item=2919334548&perks=4090651448,1087426260,1631667848,2360754333
dimwishlist:item=2919334548&perks=1482024992,791862061,1631667848,2360754333
dimwishlist:item=2919334548&perks=1332244541,791862061,1631667848,2360754333
dimwishlist:item=2919334548&perks=4090651448,791862061,1631667848,2360754333
dimwishlist:item=2919334548&perks=1482024992,2420895100,1631667848,2360754333
dimwishlist:item=2919334548&perks=1332244541,2420895100,1631667848,2360754333
dimwishlist:item=2919334548&perks=4090651448,2420895100,1631667848,2360754333
dimwishlist:item=2919334548&perks=1482024992,106909392,2117683199,2360754333
dimwishlist:item=2919334548&perks=1332244541,106909392,2117683199,2360754333
dimwishlist:item=2919334548&perks=4090651448,106909392,2117683199,2360754333
dimwishlist:item=2919334548&perks=1482024992,1087426260,2117683199,2360754333
dimwishlist:item=2919334548&perks=1332244541,1087426260,2117683199,2360754333
dimwishlist:item=2919334548&perks=4090651448,1087426260,2117683199,2360754333
dimwishlist:item=2919334548&perks=1482024992,791862061,2117683199,2360754333
dimwishlist:item=2919334548&perks=1332244541,791862061,2117683199,2360754333
dimwishlist:item=2919334548&perks=4090651448,791862061,2117683199,2360754333
dimwishlist:item=2919334548&perks=1482024992,2420895100,2117683199,2360754333
dimwishlist:item=2919334548&perks=1332244541,2420895100,2117683199,2360754333
dimwishlist:item=2919334548&perks=4090651448,2420895100,2117683199,2360754333
dimwishlist:item=2919334548&perks=1482024992,106909392,4267945040,2360754333
dimwishlist:item=2919334548&perks=1332244541,106909392,4267945040,2360754333
dimwishlist:item=2919334548&perks=4090651448,106909392,4267945040,2360754333
dimwishlist:item=2919334548&perks=1482024992,1087426260,4267945040,2360754333
dimwishlist:item=2919334548&perks=1332244541,1087426260,4267945040,2360754333
dimwishlist:item=2919334548&perks=4090651448,1087426260,4267945040,2360754333
dimwishlist:item=2919334548&perks=1482024992,791862061,4267945040,2360754333
dimwishlist:item=2919334548&perks=1332244541,791862061,4267945040,2360754333
dimwishlist:item=2919334548&perks=4090651448,791862061,4267945040,2360754333
dimwishlist:item=2919334548&perks=1482024992,2420895100,4267945040,2360754333
dimwishlist:item=2919334548&perks=1332244541,2420895100,4267945040,2360754333
dimwishlist:item=2919334548&perks=4090651448,2420895100,4267945040,2360754333

//Emperor's Courtesy
dimwishlist:item=3861448240&perks=1482024992,106909392,1631667848,4082225868
dimwishlist:item=3861448240&perks=1332244541,106909392,1631667848,4082225868
dimwishlist:item=3861448240&perks=4090651448,106909392,1631667848,4082225868
dimwishlist:item=3861448240&perks=1482024992,1087426260,1631667848,4082225868
dimwishlist:item=3861448240&perks=1332244541,1087426260,1631667848,4082225868
dimwishlist:item=3861448240&perks=4090651448,1087426260,1631667848,4082225868
dimwishlist:item=3861448240&perks=1482024992,791862061,1631667848,4082225868
dimwishlist:item=3861448240&perks=1332244541,791862061,1631667848,4082225868
dimwishlist:item=3861448240&perks=4090651448,791862061,1631667848,4082225868
dimwishlist:item=3861448240&perks=1482024992,2420895100,1631667848,4082225868
dimwishlist:item=3861448240&perks=1332244541,2420895100,1631667848,4082225868
dimwishlist:item=3861448240&perks=4090651448,2420895100,1631667848,4082225868
dimwishlist:item=3861448240&perks=1482024992,106909392,706527188,4082225868
dimwishlist:item=3861448240&perks=1332244541,106909392,706527188,4082225868
dimwishlist:item=3861448240&perks=4090651448,106909392,706527188,4082225868
dimwishlist:item=3861448240&perks=1482024992,1087426260,706527188,4082225868
dimwishlist:item=3861448240&perks=1332244541,1087426260,706527188,4082225868
dimwishlist:item=3861448240&perks=4090651448,1087426260,706527188,4082225868
dimwishlist:item=3861448240&perks=1482024992,791862061,706527188,4082225868
dimwishlist:item=3861448240&perks=1332244541,791862061,706527188,4082225868
dimwishlist:item=3861448240&perks=4090651448,791862061,706527188,4082225868
dimwishlist:item=3861448240&perks=1482024992,2420895100,706527188,4082225868
dimwishlist:item=3861448240&perks=1332244541,2420895100,706527188,4082225868
dimwishlist:item=3861448240&perks=4090651448,2420895100,706527188,4082225868
dimwishlist:item=3861448240&perks=1482024992,106909392,1631667848,3425386926
dimwishlist:item=3861448240&perks=1332244541,106909392,1631667848,3425386926
dimwishlist:item=3861448240&perks=4090651448,106909392,1631667848,3425386926
dimwishlist:item=3861448240&perks=1482024992,1087426260,1631667848,3425386926
dimwishlist:item=3861448240&perks=1332244541,1087426260,1631667848,3425386926
dimwishlist:item=3861448240&perks=4090651448,1087426260,1631667848,3425386926
dimwishlist:item=3861448240&perks=1482024992,791862061,1631667848,3425386926
dimwishlist:item=3861448240&perks=1332244541,791862061,1631667848,3425386926
dimwishlist:item=3861448240&perks=4090651448,791862061,1631667848,3425386926
dimwishlist:item=3861448240&perks=1482024992,2420895100,1631667848,3425386926
dimwishlist:item=3861448240&perks=1332244541,2420895100,1631667848,3425386926
dimwishlist:item=3861448240&perks=4090651448,2420895100,1631667848,3425386926
dimwishlist:item=3861448240&perks=1482024992,106909392,706527188,3425386926
dimwishlist:item=3861448240&perks=1332244541,106909392,706527188,3425386926
dimwishlist:item=3861448240&perks=4090651448,106909392,706527188,3425386926
dimwishlist:item=3861448240&perks=1482024992,1087426260,706527188,3425386926
dimwishlist:item=3861448240&perks=1332244541,1087426260,706527188,3425386926
dimwishlist:item=3861448240&perks=4090651448,1087426260,706527188,3425386926
dimwishlist:item=3861448240&perks=1482024992,791862061,706527188,3425386926
dimwishlist:item=3861448240&perks=1332244541,791862061,706527188,3425386926
dimwishlist:item=3861448240&perks=4090651448,791862061,706527188,3425386926
dimwishlist:item=3861448240&perks=1482024992,2420895100,706527188,3425386926
dimwishlist:item=3861448240&perks=1332244541,2420895100,706527188,3425386926
dimwishlist:item=3861448240&perks=4090651448,2420895100,706527188,3425386926
dimwishlist:item=3861448240&perks=1482024992,106909392,1631667848,3708227201
dimwishlist:item=3861448240&perks=1332244541,106909392,1631667848,3708227201
dimwishlist:item=3861448240&perks=4090651448,106909392,1631667848,3708227201
dimwishlist:item=3861448240&perks=1482024992,1087426260,1631667848,3708227201
dimwishlist:item=3861448240&perks=1332244541,1087426260,1631667848,3708227201
dimwishlist:item=3861448240&perks=4090651448,1087426260,1631667848,3708227201
dimwishlist:item=3861448240&perks=1482024992,791862061,1631667848,3708227201
dimwishlist:item=3861448240&perks=1332244541,791862061,1631667848,3708227201
dimwishlist:item=3861448240&perks=4090651448,791862061,1631667848,3708227201
dimwishlist:item=3861448240&perks=1482024992,2420895100,1631667848,3708227201
dimwishlist:item=3861448240&perks=1332244541,2420895100,1631667848,3708227201
dimwishlist:item=3861448240&perks=4090651448,2420895100,1631667848,3708227201
dimwishlist:item=3861448240&perks=1482024992,106909392,706527188,3708227201
dimwishlist:item=3861448240&perks=1332244541,106909392,706527188,3708227201
dimwishlist:item=3861448240&perks=4090651448,106909392,706527188,3708227201
dimwishlist:item=3861448240&perks=1482024992,1087426260,706527188,3708227201
dimwishlist:item=3861448240&perks=1332244541,1087426260,706527188,3708227201
dimwishlist:item=3861448240&perks=4090651448,1087426260,706527188,3708227201
dimwishlist:item=3861448240&perks=1482024992,791862061,706527188,3708227201
dimwishlist:item=3861448240&perks=1332244541,791862061,706527188,3708227201
dimwishlist:item=3861448240&perks=4090651448,791862061,706527188,3708227201
dimwishlist:item=3861448240&perks=1482024992,2420895100,706527188,3708227201
dimwishlist:item=3861448240&perks=1332244541,2420895100,706527188,3708227201
dimwishlist:item=3861448240&perks=4090651448,2420895100,706527188,3708227201

//Gunnora's Axe
dimwishlist:item=2326716489&perks=1840239774,106909392,1168162263,4082225868
dimwishlist:item=2326716489&perks=4090651448,106909392,1168162263,4082225868
dimwishlist:item=2326716489&perks=839105230,106909392,1168162263,4082225868
dimwishlist:item=2326716489&perks=1840239774,791862061,1168162263,4082225868
dimwishlist:item=2326716489&perks=4090651448,791862061,1168162263,4082225868
dimwishlist:item=2326716489&perks=839105230,791862061,1168162263,4082225868
dimwishlist:item=2326716489&perks=1840239774,1087426260,1168162263,4082225868
dimwishlist:item=2326716489&perks=4090651448,1087426260,1168162263,4082225868
dimwishlist:item=2326716489&perks=839105230,1087426260,1168162263,4082225868
dimwishlist:item=2326716489&perks=1840239774,106909392,706527188,4082225868
dimwishlist:item=2326716489&perks=4090651448,106909392,706527188,4082225868
dimwishlist:item=2326716489&perks=839105230,106909392,706527188,4082225868
dimwishlist:item=2326716489&perks=1840239774,791862061,706527188,4082225868
dimwishlist:item=2326716489&perks=4090651448,791862061,706527188,4082225868
dimwishlist:item=2326716489&perks=839105230,791862061,706527188,4082225868
dimwishlist:item=2326716489&perks=1840239774,1087426260,706527188,4082225868
dimwishlist:item=2326716489&perks=4090651448,1087426260,706527188,4082225868
dimwishlist:item=2326716489&perks=839105230,1087426260,706527188,4082225868
dimwishlist:item=2326716489&perks=1840239774,106909392,2117683199,4082225868
dimwishlist:item=2326716489&perks=4090651448,106909392,2117683199,4082225868
dimwishlist:item=2326716489&perks=839105230,106909392,2117683199,4082225868
dimwishlist:item=2326716489&perks=1840239774,791862061,2117683199,4082225868
dimwishlist:item=2326716489&perks=4090651448,791862061,2117683199,4082225868
dimwishlist:item=2326716489&perks=839105230,791862061,2117683199,4082225868
dimwishlist:item=2326716489&perks=1840239774,1087426260,2117683199,4082225868
dimwishlist:item=2326716489&perks=4090651448,1087426260,2117683199,4082225868
dimwishlist:item=2326716489&perks=839105230,1087426260,2117683199,4082225868
dimwishlist:item=2326716489&perks=1840239774,106909392,3124871000,4082225868
dimwishlist:item=2326716489&perks=4090651448,106909392,3124871000,4082225868
dimwishlist:item=2326716489&perks=839105230,106909392,3124871000,4082225868
dimwishlist:item=2326716489&perks=1840239774,791862061,3124871000,4082225868
dimwishlist:item=2326716489&perks=4090651448,791862061,3124871000,4082225868
dimwishlist:item=2326716489&perks=839105230,791862061,3124871000,4082225868
dimwishlist:item=2326716489&perks=1840239774,1087426260,3124871000,4082225868
dimwishlist:item=2326716489&perks=4090651448,1087426260,3124871000,4082225868
dimwishlist:item=2326716489&perks=839105230,1087426260,3124871000,4082225868
dimwishlist:item=2326716489&perks=1840239774,106909392,4267945040,4082225868
dimwishlist:item=2326716489&perks=4090651448,106909392,4267945040,4082225868
dimwishlist:item=2326716489&perks=839105230,106909392,4267945040,4082225868
dimwishlist:item=2326716489&perks=1840239774,791862061,4267945040,4082225868
dimwishlist:item=2326716489&perks=4090651448,791862061,4267945040,4082225868
dimwishlist:item=2326716489&perks=839105230,791862061,4267945040,4082225868
dimwishlist:item=2326716489&perks=1840239774,1087426260,4267945040,4082225868
dimwishlist:item=2326716489&perks=4090651448,1087426260,4267945040,4082225868
dimwishlist:item=2326716489&perks=839105230,1087426260,4267945040,4082225868
dimwishlist:item=2326716489&perks=1840239774,106909392,1168162263,3523296417
dimwishlist:item=2326716489&perks=4090651448,106909392,1168162263,3523296417
dimwishlist:item=2326716489&perks=839105230,106909392,1168162263,3523296417
dimwishlist:item=2326716489&perks=1840239774,791862061,1168162263,3523296417
dimwishlist:item=2326716489&perks=4090651448,791862061,1168162263,3523296417
dimwishlist:item=2326716489&perks=839105230,791862061,1168162263,3523296417
dimwishlist:item=2326716489&perks=1840239774,1087426260,1168162263,3523296417
dimwishlist:item=2326716489&perks=4090651448,1087426260,1168162263,3523296417
dimwishlist:item=2326716489&perks=839105230,1087426260,1168162263,3523296417
dimwishlist:item=2326716489&perks=1840239774,106909392,706527188,3523296417
dimwishlist:item=2326716489&perks=4090651448,106909392,706527188,3523296417
dimwishlist:item=2326716489&perks=839105230,106909392,706527188,3523296417
dimwishlist:item=2326716489&perks=1840239774,791862061,706527188,3523296417
dimwishlist:item=2326716489&perks=4090651448,791862061,706527188,3523296417
dimwishlist:item=2326716489&perks=839105230,791862061,706527188,3523296417
dimwishlist:item=2326716489&perks=1840239774,1087426260,706527188,3523296417
dimwishlist:item=2326716489&perks=4090651448,1087426260,706527188,3523296417
dimwishlist:item=2326716489&perks=839105230,1087426260,706527188,3523296417
dimwishlist:item=2326716489&perks=1840239774,106909392,2117683199,3523296417
dimwishlist:item=2326716489&perks=4090651448,106909392,2117683199,3523296417
dimwishlist:item=2326716489&perks=839105230,106909392,2117683199,3523296417
dimwishlist:item=2326716489&perks=1840239774,791862061,2117683199,3523296417
dimwishlist:item=2326716489&perks=4090651448,791862061,2117683199,3523296417
dimwishlist:item=2326716489&perks=839105230,791862061,2117683199,3523296417
dimwishlist:item=2326716489&perks=1840239774,1087426260,2117683199,3523296417
dimwishlist:item=2326716489&perks=4090651448,1087426260,2117683199,3523296417
dimwishlist:item=2326716489&perks=839105230,1087426260,2117683199,3523296417
dimwishlist:item=2326716489&perks=1840239774,106909392,3124871000,3523296417
dimwishlist:item=2326716489&perks=4090651448,106909392,3124871000,3523296417
dimwishlist:item=2326716489&perks=839105230,106909392,3124871000,3523296417
dimwishlist:item=2326716489&perks=1840239774,791862061,3124871000,3523296417
dimwishlist:item=2326716489&perks=4090651448,791862061,3124871000,3523296417
dimwishlist:item=2326716489&perks=839105230,791862061,3124871000,3523296417
dimwishlist:item=2326716489&perks=1840239774,1087426260,3124871000,3523296417
dimwishlist:item=2326716489&perks=4090651448,1087426260,3124871000,3523296417
dimwishlist:item=2326716489&perks=839105230,1087426260,3124871000,3523296417
dimwishlist:item=2326716489&perks=1840239774,106909392,4267945040,3523296417
dimwishlist:item=2326716489&perks=4090651448,106909392,4267945040,3523296417
dimwishlist:item=2326716489&perks=839105230,106909392,4267945040,3523296417
dimwishlist:item=2326716489&perks=1840239774,791862061,4267945040,3523296417
dimwishlist:item=2326716489&perks=4090651448,791862061,4267945040,3523296417
dimwishlist:item=2326716489&perks=839105230,791862061,4267945040,3523296417
dimwishlist:item=2326716489&perks=1840239774,1087426260,4267945040,3523296417
dimwishlist:item=2326716489&perks=4090651448,1087426260,4267945040,3523296417
dimwishlist:item=2326716489&perks=839105230,1087426260,4267945040,3523296417
dimwishlist:item=2326716489&perks=1840239774,106909392,1168162263,3400784728
dimwishlist:item=2326716489&perks=4090651448,106909392,1168162263,3400784728
dimwishlist:item=2326716489&perks=839105230,106909392,1168162263,3400784728
dimwishlist:item=2326716489&perks=1840239774,791862061,1168162263,3400784728
dimwishlist:item=2326716489&perks=4090651448,791862061,1168162263,3400784728
dimwishlist:item=2326716489&perks=839105230,791862061,1168162263,3400784728
dimwishlist:item=2326716489&perks=1840239774,1087426260,1168162263,3400784728
dimwishlist:item=2326716489&perks=4090651448,1087426260,1168162263,3400784728
dimwishlist:item=2326716489&perks=839105230,1087426260,1168162263,3400784728
dimwishlist:item=2326716489&perks=1840239774,106909392,706527188,3400784728
dimwishlist:item=2326716489&perks=4090651448,106909392,706527188,3400784728
dimwishlist:item=2326716489&perks=839105230,106909392,706527188,3400784728
dimwishlist:item=2326716489&perks=1840239774,791862061,706527188,3400784728
dimwishlist:item=2326716489&perks=4090651448,791862061,706527188,3400784728
dimwishlist:item=2326716489&perks=839105230,791862061,706527188,3400784728
dimwishlist:item=2326716489&perks=1840239774,1087426260,706527188,3400784728
dimwishlist:item=2326716489&perks=4090651448,1087426260,706527188,3400784728
dimwishlist:item=2326716489&perks=839105230,1087426260,706527188,3400784728
dimwishlist:item=2326716489&perks=1840239774,106909392,2117683199,3400784728
dimwishlist:item=2326716489&perks=4090651448,106909392,2117683199,3400784728
dimwishlist:item=2326716489&perks=839105230,106909392,2117683199,3400784728
dimwishlist:item=2326716489&perks=1840239774,791862061,2117683199,3400784728
dimwishlist:item=2326716489&perks=4090651448,791862061,2117683199,3400784728
dimwishlist:item=2326716489&perks=839105230,791862061,2117683199,3400784728
dimwishlist:item=2326716489&perks=1840239774,1087426260,2117683199,3400784728
dimwishlist:item=2326716489&perks=4090651448,1087426260,2117683199,3400784728
dimwishlist:item=2326716489&perks=839105230,1087426260,2117683199,3400784728
dimwishlist:item=2326716489&perks=1840239774,106909392,3124871000,3400784728
dimwishlist:item=2326716489&perks=4090651448,106909392,3124871000,3400784728
dimwishlist:item=2326716489&perks=839105230,106909392,3124871000,3400784728
dimwishlist:item=2326716489&perks=1840239774,791862061,3124871000,3400784728
dimwishlist:item=2326716489&perks=4090651448,791862061,3124871000,3400784728
dimwishlist:item=2326716489&perks=839105230,791862061,3124871000,3400784728
dimwishlist:item=2326716489&perks=1840239774,1087426260,3124871000,3400784728
dimwishlist:item=2326716489&perks=4090651448,1087426260,3124871000,3400784728
dimwishlist:item=2326716489&perks=839105230,1087426260,3124871000,3400784728
dimwishlist:item=2326716489&perks=1840239774,106909392,4267945040,3400784728
dimwishlist:item=2326716489&perks=4090651448,106909392,4267945040,3400784728
dimwishlist:item=2326716489&perks=839105230,106909392,4267945040,3400784728
dimwishlist:item=2326716489&perks=1840239774,791862061,4267945040,3400784728
dimwishlist:item=2326716489&perks=4090651448,791862061,4267945040,3400784728
dimwishlist:item=2326716489&perks=839105230,791862061,4267945040,3400784728
dimwishlist:item=2326716489&perks=1840239774,1087426260,4267945040,3400784728
dimwishlist:item=2326716489&perks=4090651448,1087426260,4267945040,3400784728
dimwishlist:item=2326716489&perks=839105230,1087426260,4267945040,3400784728
dimwishlist:item=2326716489&perks=1840239774,106909392,1168162263,3425386926
dimwishlist:item=2326716489&perks=4090651448,106909392,1168162263,3425386926
dimwishlist:item=2326716489&perks=839105230,106909392,1168162263,3425386926
dimwishlist:item=2326716489&perks=1840239774,791862061,1168162263,3425386926
dimwishlist:item=2326716489&perks=4090651448,791862061,1168162263,3425386926
dimwishlist:item=2326716489&perks=839105230,791862061,1168162263,3425386926
dimwishlist:item=2326716489&perks=1840239774,1087426260,1168162263,3425386926
dimwishlist:item=2326716489&perks=4090651448,1087426260,1168162263,3425386926
dimwishlist:item=2326716489&perks=839105230,1087426260,1168162263,3425386926
dimwishlist:item=2326716489&perks=1840239774,106909392,706527188,3425386926
dimwishlist:item=2326716489&perks=4090651448,106909392,706527188,3425386926
dimwishlist:item=2326716489&perks=839105230,106909392,706527188,3425386926
dimwishlist:item=2326716489&perks=1840239774,791862061,706527188,3425386926
dimwishlist:item=2326716489&perks=4090651448,791862061,706527188,3425386926
dimwishlist:item=2326716489&perks=839105230,791862061,706527188,3425386926
dimwishlist:item=2326716489&perks=1840239774,1087426260,706527188,3425386926
dimwishlist:item=2326716489&perks=4090651448,1087426260,706527188,3425386926
dimwishlist:item=2326716489&perks=839105230,1087426260,706527188,3425386926
dimwishlist:item=2326716489&perks=1840239774,106909392,2117683199,3425386926
dimwishlist:item=2326716489&perks=4090651448,106909392,2117683199,3425386926
dimwishlist:item=2326716489&perks=839105230,106909392,2117683199,3425386926
dimwishlist:item=2326716489&perks=1840239774,791862061,2117683199,3425386926
dimwishlist:item=2326716489&perks=4090651448,791862061,2117683199,3425386926
dimwishlist:item=2326716489&perks=839105230,791862061,2117683199,3425386926
dimwishlist:item=2326716489&perks=1840239774,1087426260,2117683199,3425386926
dimwishlist:item=2326716489&perks=4090651448,1087426260,2117683199,3425386926
dimwishlist:item=2326716489&perks=839105230,1087426260,2117683199,3425386926
dimwishlist:item=2326716489&perks=1840239774,106909392,3124871000,3425386926
dimwishlist:item=2326716489&perks=4090651448,106909392,3124871000,3425386926
dimwishlist:item=2326716489&perks=839105230,106909392,3124871000,3425386926
dimwishlist:item=2326716489&perks=1840239774,791862061,3124871000,3425386926
dimwishlist:item=2326716489&perks=4090651448,791862061,3124871000,3425386926
dimwishlist:item=2326716489&perks=839105230,791862061,3124871000,3425386926
dimwishlist:item=2326716489&perks=1840239774,1087426260,3124871000,3425386926
dimwishlist:item=2326716489&perks=4090651448,1087426260,3124871000,3425386926
dimwishlist:item=2326716489&perks=839105230,1087426260,3124871000,3425386926
dimwishlist:item=2326716489&perks=1840239774,106909392,4267945040,3425386926
dimwishlist:item=2326716489&perks=4090651448,106909392,4267945040,3425386926
dimwishlist:item=2326716489&perks=839105230,106909392,4267945040,3425386926
dimwishlist:item=2326716489&perks=1840239774,791862061,4267945040,3425386926
dimwishlist:item=2326716489&perks=4090651448,791862061,4267945040,3425386926
dimwishlist:item=2326716489&perks=839105230,791862061,4267945040,3425386926
dimwishlist:item=2326716489&perks=1840239774,1087426260,4267945040,3425386926
dimwishlist:item=2326716489&perks=4090651448,1087426260,4267945040,3425386926
dimwishlist:item=2326716489&perks=839105230,1087426260,4267945040,3425386926

//Beloved
dimwishlist:item=4190932264&perks=1840239774,106909392,3523296417,1354429876
dimwishlist:item=4190932264&perks=4090651448,106909392,3523296417,1354429876
dimwishlist:item=4190932264&perks=1392496348,106909392,3523296417,1354429876
dimwishlist:item=4190932264&perks=1840239774,1087426260,3523296417,1354429876
dimwishlist:item=4190932264&perks=4090651448,1087426260,3523296417,1354429876
dimwishlist:item=4190932264&perks=1392496348,1087426260,3523296417,1354429876
dimwishlist:item=4190932264&perks=1840239774,2420895100,3523296417,1354429876
dimwishlist:item=4190932264&perks=4090651448,2420895100,3523296417,1354429876
dimwishlist:item=4190932264&perks=1392496348,2420895100,3523296417,1354429876
dimwishlist:item=4190932264&perks=1840239774,106909392,2866798147,1354429876
dimwishlist:item=4190932264&perks=4090651448,106909392,2866798147,1354429876
dimwishlist:item=4190932264&perks=1392496348,106909392,2866798147,1354429876
dimwishlist:item=4190932264&perks=1840239774,1087426260,2866798147,1354429876
dimwishlist:item=4190932264&perks=4090651448,1087426260,2866798147,1354429876
dimwishlist:item=4190932264&perks=1392496348,1087426260,2866798147,1354429876
dimwishlist:item=4190932264&perks=1840239774,2420895100,2866798147,1354429876
dimwishlist:item=4190932264&perks=4090651448,2420895100,2866798147,1354429876
dimwishlist:item=4190932264&perks=1392496348,2420895100,2866798147,1354429876
dimwishlist:item=4190932264&perks=1840239774,106909392,3337692349,1354429876
dimwishlist:item=4190932264&perks=4090651448,106909392,3337692349,1354429876
dimwishlist:item=4190932264&perks=1392496348,106909392,3337692349,1354429876
dimwishlist:item=4190932264&perks=1840239774,1087426260,3337692349,1354429876
dimwishlist:item=4190932264&perks=4090651448,1087426260,3337692349,1354429876
dimwishlist:item=4190932264&perks=1392496348,1087426260,3337692349,1354429876
dimwishlist:item=4190932264&perks=1840239774,2420895100,3337692349,1354429876
dimwishlist:item=4190932264&perks=4090651448,2420895100,3337692349,1354429876
dimwishlist:item=4190932264&perks=1392496348,2420895100,3337692349,1354429876
dimwishlist:item=4190932264&perks=1840239774,106909392,3513791699,1354429876
dimwishlist:item=4190932264&perks=4090651448,106909392,3513791699,1354429876
dimwishlist:item=4190932264&perks=1392496348,106909392,3513791699,1354429876
dimwishlist:item=4190932264&perks=1840239774,1087426260,3513791699,1354429876
dimwishlist:item=4190932264&perks=4090651448,1087426260,3513791699,1354429876
dimwishlist:item=4190932264&perks=1392496348,1087426260,3513791699,1354429876
dimwishlist:item=4190932264&perks=1840239774,2420895100,3513791699,1354429876
dimwishlist:item=4190932264&perks=4090651448,2420895100,3513791699,1354429876
dimwishlist:item=4190932264&perks=1392496348,2420895100,3513791699,1354429876
dimwishlist:item=4190932264&perks=1840239774,106909392,3523296417,2551157718
dimwishlist:item=4190932264&perks=4090651448,106909392,3523296417,2551157718
dimwishlist:item=4190932264&perks=1392496348,106909392,3523296417,2551157718
dimwishlist:item=4190932264&perks=1840239774,1087426260,3523296417,2551157718
dimwishlist:item=4190932264&perks=4090651448,1087426260,3523296417,2551157718
dimwishlist:item=4190932264&perks=1392496348,1087426260,3523296417,2551157718
dimwishlist:item=4190932264&perks=1840239774,2420895100,3523296417,2551157718
dimwishlist:item=4190932264&perks=4090651448,2420895100,3523296417,2551157718
dimwishlist:item=4190932264&perks=1392496348,2420895100,3523296417,2551157718
dimwishlist:item=4190932264&perks=1840239774,106909392,2866798147,2551157718
dimwishlist:item=4190932264&perks=4090651448,106909392,2866798147,2551157718
dimwishlist:item=4190932264&perks=1392496348,106909392,2866798147,2551157718
dimwishlist:item=4190932264&perks=1840239774,1087426260,2866798147,2551157718
dimwishlist:item=4190932264&perks=4090651448,1087426260,2866798147,2551157718
dimwishlist:item=4190932264&perks=1392496348,1087426260,2866798147,2551157718
dimwishlist:item=4190932264&perks=1840239774,2420895100,2866798147,2551157718
dimwishlist:item=4190932264&perks=4090651448,2420895100,2866798147,2551157718
dimwishlist:item=4190932264&perks=1392496348,2420895100,2866798147,2551157718
dimwishlist:item=4190932264&perks=1840239774,106909392,3337692349,2551157718
dimwishlist:item=4190932264&perks=4090651448,106909392,3337692349,2551157718
dimwishlist:item=4190932264&perks=1392496348,106909392,3337692349,2551157718
dimwishlist:item=4190932264&perks=1840239774,1087426260,3337692349,2551157718
dimwishlist:item=4190932264&perks=4090651448,1087426260,3337692349,2551157718
dimwishlist:item=4190932264&perks=1392496348,1087426260,3337692349,2551157718
dimwishlist:item=4190932264&perks=1840239774,2420895100,3337692349,2551157718
dimwishlist:item=4190932264&perks=4090651448,2420895100,3337692349,2551157718
dimwishlist:item=4190932264&perks=1392496348,2420895100,3337692349,2551157718
dimwishlist:item=4190932264&perks=1840239774,106909392,3513791699,2551157718
dimwishlist:item=4190932264&perks=4090651448,106909392,3513791699,2551157718
dimwishlist:item=4190932264&perks=1392496348,106909392,3513791699,2551157718
dimwishlist:item=4190932264&perks=1840239774,1087426260,3513791699,2551157718
dimwishlist:item=4190932264&perks=4090651448,1087426260,3513791699,2551157718
dimwishlist:item=4190932264&perks=1392496348,1087426260,3513791699,2551157718
dimwishlist:item=4190932264&perks=1840239774,2420895100,3513791699,2551157718
dimwishlist:item=4190932264&perks=4090651448,2420895100,3513791699,2551157718
dimwishlist:item=4190932264&perks=1392496348,2420895100,3513791699,2551157718
dimwishlist:item=4190932264&perks=1840239774,106909392,3523296417,3425386926
dimwishlist:item=4190932264&perks=4090651448,106909392,3523296417,3425386926
dimwishlist:item=4190932264&perks=1392496348,106909392,3523296417,3425386926
dimwishlist:item=4190932264&perks=1840239774,1087426260,3523296417,3425386926
dimwishlist:item=4190932264&perks=4090651448,1087426260,3523296417,3425386926
dimwishlist:item=4190932264&perks=1392496348,1087426260,3523296417,3425386926
dimwishlist:item=4190932264&perks=1840239774,2420895100,3523296417,3425386926
dimwishlist:item=4190932264&perks=4090651448,2420895100,3523296417,3425386926
dimwishlist:item=4190932264&perks=1392496348,2420895100,3523296417,3425386926
dimwishlist:item=4190932264&perks=1840239774,106909392,2866798147,3425386926
dimwishlist:item=4190932264&perks=4090651448,106909392,2866798147,3425386926
dimwishlist:item=4190932264&perks=1392496348,106909392,2866798147,3425386926
dimwishlist:item=4190932264&perks=1840239774,1087426260,2866798147,3425386926
dimwishlist:item=4190932264&perks=4090651448,1087426260,2866798147,3425386926
dimwishlist:item=4190932264&perks=1392496348,1087426260,2866798147,3425386926
dimwishlist:item=4190932264&perks=1840239774,2420895100,2866798147,3425386926
dimwishlist:item=4190932264&perks=4090651448,2420895100,2866798147,3425386926
dimwishlist:item=4190932264&perks=1392496348,2420895100,2866798147,3425386926
dimwishlist:item=4190932264&perks=1840239774,106909392,3337692349,3425386926
dimwishlist:item=4190932264&perks=4090651448,106909392,3337692349,3425386926
dimwishlist:item=4190932264&perks=1392496348,106909392,3337692349,3425386926
dimwishlist:item=4190932264&perks=1840239774,1087426260,3337692349,3425386926
dimwishlist:item=4190932264&perks=4090651448,1087426260,3337692349,3425386926
dimwishlist:item=4190932264&perks=1392496348,1087426260,3337692349,3425386926
dimwishlist:item=4190932264&perks=1840239774,2420895100,3337692349,3425386926
dimwishlist:item=4190932264&perks=4090651448,2420895100,3337692349,3425386926
dimwishlist:item=4190932264&perks=1392496348,2420895100,3337692349,3425386926
dimwishlist:item=4190932264&perks=1840239774,106909392,3513791699,3425386926
dimwishlist:item=4190932264&perks=4090651448,106909392,3513791699,3425386926
dimwishlist:item=4190932264&perks=1392496348,106909392,3513791699,3425386926
dimwishlist:item=4190932264&perks=1840239774,1087426260,3513791699,3425386926
dimwishlist:item=4190932264&perks=4090651448,1087426260,3513791699,3425386926
dimwishlist:item=4190932264&perks=1392496348,1087426260,3513791699,3425386926
dimwishlist:item=4190932264&perks=1840239774,2420895100,3513791699,3425386926
dimwishlist:item=4190932264&perks=4090651448,2420895100,3513791699,3425386926
dimwishlist:item=4190932264&perks=1392496348,2420895100,3513791699,3425386926

//Bane of Sorrow
dimwishlist:item=1496419775&perks=839105230,1087426260,2779035018,3425386926
dimwishlist:item=1496419775&perks=1840239774,1087426260,2779035018,3425386926
dimwishlist:item=1496419775&perks=4090651448,1087426260,2779035018,3425386926
dimwishlist:item=1496419775&perks=839105230,1561002382,2779035018,3425386926
dimwishlist:item=1496419775&perks=1840239774,1561002382,2779035018,3425386926
dimwishlist:item=1496419775&perks=4090651448,1561002382,2779035018,3425386926
dimwishlist:item=1496419775&perks=839105230,2420895100,2779035018,3425386926
dimwishlist:item=1496419775&perks=1840239774,2420895100,2779035018,3425386926
dimwishlist:item=1496419775&perks=4090651448,2420895100,2779035018,3425386926
dimwishlist:item=1496419775&perks=839105230,1087426260,1645158859,3425386926
dimwishlist:item=1496419775&perks=1840239774,1087426260,1645158859,3425386926
dimwishlist:item=1496419775&perks=4090651448,1087426260,1645158859,3425386926
dimwishlist:item=1496419775&perks=839105230,1561002382,1645158859,3425386926
dimwishlist:item=1496419775&perks=1840239774,1561002382,1645158859,3425386926
dimwishlist:item=1496419775&perks=4090651448,1561002382,1645158859,3425386926
dimwishlist:item=1496419775&perks=839105230,2420895100,1645158859,3425386926
dimwishlist:item=1496419775&perks=1840239774,2420895100,1645158859,3425386926
dimwishlist:item=1496419775&perks=4090651448,2420895100,1645158859,3425386926
dimwishlist:item=1496419775&perks=839105230,1087426260,699525795,3425386926
dimwishlist:item=1496419775&perks=1840239774,1087426260,699525795,3425386926
dimwishlist:item=1496419775&perks=4090651448,1087426260,699525795,3425386926
dimwishlist:item=1496419775&perks=839105230,1561002382,699525795,3425386926
dimwishlist:item=1496419775&perks=1840239774,1561002382,699525795,3425386926
dimwishlist:item=1496419775&perks=4090651448,1561002382,699525795,3425386926
dimwishlist:item=1496419775&perks=839105230,2420895100,699525795,3425386926
dimwishlist:item=1496419775&perks=1840239774,2420895100,699525795,3425386926
dimwishlist:item=1496419775&perks=4090651448,2420895100,699525795,3425386926
dimwishlist:item=1496419775&perks=839105230,1087426260,2779035018,3523296417
dimwishlist:item=1496419775&perks=1840239774,1087426260,2779035018,3523296417
dimwishlist:item=1496419775&perks=4090651448,1087426260,2779035018,3523296417
dimwishlist:item=1496419775&perks=839105230,1561002382,2779035018,3523296417
dimwishlist:item=1496419775&perks=1840239774,1561002382,2779035018,3523296417
dimwishlist:item=1496419775&perks=4090651448,1561002382,2779035018,3523296417
dimwishlist:item=1496419775&perks=839105230,2420895100,2779035018,3523296417
dimwishlist:item=1496419775&perks=1840239774,2420895100,2779035018,3523296417
dimwishlist:item=1496419775&perks=4090651448,2420895100,2779035018,3523296417
dimwishlist:item=1496419775&perks=839105230,1087426260,1645158859,3523296417
dimwishlist:item=1496419775&perks=1840239774,1087426260,1645158859,3523296417
dimwishlist:item=1496419775&perks=4090651448,1087426260,1645158859,3523296417
dimwishlist:item=1496419775&perks=839105230,1561002382,1645158859,3523296417
dimwishlist:item=1496419775&perks=1840239774,1561002382,1645158859,3523296417
dimwishlist:item=1496419775&perks=4090651448,1561002382,1645158859,3523296417
dimwishlist:item=1496419775&perks=839105230,2420895100,1645158859,3523296417
dimwishlist:item=1496419775&perks=1840239774,2420895100,1645158859,3523296417
dimwishlist:item=1496419775&perks=4090651448,2420895100,1645158859,3523296417
dimwishlist:item=1496419775&perks=839105230,1087426260,699525795,3523296417
dimwishlist:item=1496419775&perks=1840239774,1087426260,699525795,3523296417
dimwishlist:item=1496419775&perks=4090651448,1087426260,699525795,3523296417
dimwishlist:item=1496419775&perks=839105230,1561002382,699525795,3523296417
dimwishlist:item=1496419775&perks=1840239774,1561002382,699525795,3523296417
dimwishlist:item=1496419775&perks=4090651448,1561002382,699525795,3523296417
dimwishlist:item=1496419775&perks=839105230,2420895100,699525795,3523296417
dimwishlist:item=1496419775&perks=1840239774,2420895100,699525795,3523296417
dimwishlist:item=1496419775&perks=4090651448,2420895100,699525795,3523296417

//Fixed Odds
dimwishlist:item=1642384931&perks=839105230,1087426260,2779035018,3425386926
dimwishlist:item=1642384931&perks=1840239774,1087426260,2779035018,3425386926
dimwishlist:item=1642384931&perks=4090651448,1087426260,2779035018,3425386926
dimwishlist:item=1642384931&perks=839105230,1561002382,2779035018,3425386926
dimwishlist:item=1642384931&perks=1840239774,1561002382,2779035018,3425386926
dimwishlist:item=1642384931&perks=4090651448,1561002382,2779035018,3425386926
dimwishlist:item=1642384931&perks=839105230,2420895100,2779035018,3425386926
dimwishlist:item=1642384931&perks=1840239774,2420895100,2779035018,3425386926
dimwishlist:item=1642384931&perks=4090651448,2420895100,2779035018,3425386926
dimwishlist:item=1642384931&perks=839105230,1087426260,706527188,3425386926
dimwishlist:item=1642384931&perks=1840239774,1087426260,706527188,3425386926
dimwishlist:item=1642384931&perks=4090651448,1087426260,706527188,3425386926
dimwishlist:item=1642384931&perks=839105230,1561002382,706527188,3425386926
dimwishlist:item=1642384931&perks=1840239774,1561002382,706527188,3425386926
dimwishlist:item=1642384931&perks=4090651448,1561002382,706527188,3425386926
dimwishlist:item=1642384931&perks=839105230,2420895100,706527188,3425386926
dimwishlist:item=1642384931&perks=1840239774,2420895100,706527188,3425386926
dimwishlist:item=1642384931&perks=4090651448,2420895100,706527188,3425386926
dimwishlist:item=1642384931&perks=839105230,1087426260,2779035018,3708227201
dimwishlist:item=1642384931&perks=1840239774,1087426260,2779035018,3708227201
dimwishlist:item=1642384931&perks=4090651448,1087426260,2779035018,3708227201
dimwishlist:item=1642384931&perks=839105230,1561002382,2779035018,3708227201
dimwishlist:item=1642384931&perks=1840239774,1561002382,2779035018,3708227201
dimwishlist:item=1642384931&perks=4090651448,1561002382,2779035018,3708227201
dimwishlist:item=1642384931&perks=839105230,2420895100,2779035018,3708227201
dimwishlist:item=1642384931&perks=1840239774,2420895100,2779035018,3708227201
dimwishlist:item=1642384931&perks=4090651448,2420895100,2779035018,3708227201
dimwishlist:item=1642384931&perks=839105230,1087426260,706527188,3708227201
dimwishlist:item=1642384931&perks=1840239774,1087426260,706527188,3708227201
dimwishlist:item=1642384931&perks=4090651448,1087426260,706527188,3708227201
dimwishlist:item=1642384931&perks=839105230,1561002382,706527188,3708227201
dimwishlist:item=1642384931&perks=1840239774,1561002382,706527188,3708227201
dimwishlist:item=1642384931&perks=4090651448,1561002382,706527188,3708227201
dimwishlist:item=1642384931&perks=839105230,2420895100,706527188,3708227201
dimwishlist:item=1642384931&perks=1840239774,2420895100,706527188,3708227201
dimwishlist:item=1642384931&perks=4090651448,2420895100,706527188,3708227201

//Shining Sphere
dimwishlist:item=136525518&perks=332773068,3796465595,2869569095,3977735242
dimwishlist:item=136525518&perks=1844523823,3796465595,2869569095,3977735242
dimwishlist:item=136525518&perks=1441682018,3796465595,2869569095,3977735242
dimwishlist:item=136525518&perks=1478423395,3796465595,2869569095,3977735242
dimwishlist:item=136525518&perks=332773068,199614214,2869569095,3977735242
dimwishlist:item=136525518&perks=1844523823,199614214,2869569095,3977735242
dimwishlist:item=136525518&perks=1441682018,199614214,2869569095,3977735242
dimwishlist:item=136525518&perks=1478423395,199614214,2869569095,3977735242
dimwishlist:item=136525518&perks=332773068,2985827016,2869569095,3977735242
dimwishlist:item=136525518&perks=1844523823,2985827016,2869569095,3977735242
dimwishlist:item=136525518&perks=1441682018,2985827016,2869569095,3977735242
dimwishlist:item=136525518&perks=1478423395,2985827016,2869569095,3977735242
dimwishlist:item=136525518&perks=332773068,3796465595,3300816228,3977735242
dimwishlist:item=136525518&perks=1844523823,3796465595,3300816228,3977735242
dimwishlist:item=136525518&perks=1441682018,3796465595,3300816228,3977735242
dimwishlist:item=136525518&perks=1478423395,3796465595,3300816228,3977735242
dimwishlist:item=136525518&perks=332773068,199614214,3300816228,3977735242
dimwishlist:item=136525518&perks=1844523823,199614214,3300816228,3977735242
dimwishlist:item=136525518&perks=1441682018,199614214,3300816228,3977735242
dimwishlist:item=136525518&perks=1478423395,199614214,3300816228,3977735242
dimwishlist:item=136525518&perks=332773068,2985827016,3300816228,3977735242
dimwishlist:item=136525518&perks=1844523823,2985827016,3300816228,3977735242
dimwishlist:item=136525518&perks=1441682018,2985827016,3300816228,3977735242
dimwishlist:item=136525518&perks=1478423395,2985827016,3300816228,3977735242
dimwishlist:item=136525518&perks=332773068,3796465595,2869569095,3523296417
dimwishlist:item=136525518&perks=1844523823,3796465595,2869569095,3523296417
dimwishlist:item=136525518&perks=1441682018,3796465595,2869569095,3523296417
dimwishlist:item=136525518&perks=1478423395,3796465595,2869569095,3523296417
dimwishlist:item=136525518&perks=332773068,199614214,2869569095,3523296417
dimwishlist:item=136525518&perks=1844523823,199614214,2869569095,3523296417
dimwishlist:item=136525518&perks=1441682018,199614214,2869569095,3523296417
dimwishlist:item=136525518&perks=1478423395,199614214,2869569095,3523296417
dimwishlist:item=136525518&perks=332773068,2985827016,2869569095,3523296417
dimwishlist:item=136525518&perks=1844523823,2985827016,2869569095,3523296417
dimwishlist:item=136525518&perks=1441682018,2985827016,2869569095,3523296417
dimwishlist:item=136525518&perks=1478423395,2985827016,2869569095,3523296417
dimwishlist:item=136525518&perks=332773068,3796465595,3300816228,3523296417
dimwishlist:item=136525518&perks=1844523823,3796465595,3300816228,3523296417
dimwishlist:item=136525518&perks=1441682018,3796465595,3300816228,3523296417
dimwishlist:item=136525518&perks=1478423395,3796465595,3300816228,3523296417
dimwishlist:item=136525518&perks=332773068,199614214,3300816228,3523296417
dimwishlist:item=136525518&perks=1844523823,199614214,3300816228,3523296417
dimwishlist:item=136525518&perks=1441682018,199614214,3300816228,3523296417
dimwishlist:item=136525518&perks=1478423395,199614214,3300816228,3523296417
dimwishlist:item=136525518&perks=332773068,2985827016,3300816228,3523296417
dimwishlist:item=136525518&perks=1844523823,2985827016,3300816228,3523296417
dimwishlist:item=136525518&perks=1441682018,2985827016,3300816228,3523296417
dimwishlist:item=136525518&perks=1478423395,2985827016,3300816228,3523296417

//Death's Razor
dimwishlist:item=569799274&perks=436053704,2349202967,2030760728,3913600130
dimwishlist:item=569799274&perks=938542991,2349202967,2030760728,3913600130
dimwishlist:item=569799274&perks=3666208348,2349202967,2030760728,3913600130
dimwishlist:item=569799274&perks=436053704,2349202967,1749209109,3913600130
dimwishlist:item=569799274&perks=938542991,2349202967,1749209109,3913600130
dimwishlist:item=569799274&perks=3666208348,2349202967,1749209109,3913600130
dimwishlist:item=569799274&perks=436053704,2349202967,2590710093,3913600130
dimwishlist:item=569799274&perks=938542991,2349202967,2590710093,3913600130
dimwishlist:item=569799274&perks=3666208348,2349202967,2590710093,3913600130

//Goldtusk
dimwishlist:item=569799275&perks=436053704,2349202967,1685431615,3708227201
dimwishlist:item=569799275&perks=938542991,2349202967,1685431615,3708227201
dimwishlist:item=569799275&perks=3666208348,2349202967,1685431615,3708227201
dimwishlist:item=569799275&perks=436053704,2349202967,1749209109,3708227201
dimwishlist:item=569799275&perks=938542991,2349202967,1749209109,3708227201
dimwishlist:item=569799275&perks=3666208348,2349202967,1749209109,3708227201
dimwishlist:item=569799275&perks=436053704,2349202967,2590710093,3708227201
dimwishlist:item=569799275&perks=938542991,2349202967,2590710093,3708227201
dimwishlist:item=569799275&perks=3666208348,2349202967,2590710093,3708227201
dimwishlist:item=569799275&perks=436053704,2349202967,1685431615,3913600130
dimwishlist:item=569799275&perks=938542991,2349202967,1685431615,3913600130
dimwishlist:item=569799275&perks=3666208348,2349202967,1685431615,3913600130
dimwishlist:item=569799275&perks=436053704,2349202967,1749209109,3913600130
dimwishlist:item=569799275&perks=938542991,2349202967,1749209109,3913600130
dimwishlist:item=569799275&perks=3666208348,2349202967,1749209109,3913600130
dimwishlist:item=569799275&perks=436053704,2349202967,2590710093,3913600130
dimwishlist:item=569799275&perks=938542991,2349202967,2590710093,3913600130
dimwishlist:item=569799275&perks=3666208348,2349202967,2590710093,3913600130

//Throne-Cleaver
dimwishlist:item=569799273&perks=436053704,2349202967,818211479,1685431615
dimwishlist:item=569799273&perks=938542991,2349202967,818211479,1685431615
dimwishlist:item=569799273&perks=3666208348,2349202967,818211479,1685431615
dimwishlist:item=569799273&perks=436053704,2349202967,1749209109,1685431615
dimwishlist:item=569799273&perks=938542991,2349202967,1749209109,1685431615
dimwishlist:item=569799273&perks=3666208348,2349202967,1749209109,1685431615
dimwishlist:item=569799273&perks=436053704,2349202967,2590710093,1685431615
dimwishlist:item=569799273&perks=938542991,2349202967,2590710093,1685431615
dimwishlist:item=569799273&perks=3666208348,2349202967,2590710093,1685431615
dimwishlist:item=569799273&perks=436053704,2349202967,818211479,3016987351
dimwishlist:item=569799273&perks=938542991,2349202967,818211479,3016987351
dimwishlist:item=569799273&perks=3666208348,2349202967,818211479,3016987351
dimwishlist:item=569799273&perks=436053704,2349202967,1749209109,3016987351
dimwishlist:item=569799273&perks=938542991,2349202967,1749209109,3016987351
dimwishlist:item=569799273&perks=3666208348,2349202967,1749209109,3016987351
dimwishlist:item=569799273&perks=436053704,2349202967,2590710093,3016987351
dimwishlist:item=569799273&perks=938542991,2349202967,2590710093,3016987351
dimwishlist:item=569799273&perks=3666208348,2349202967,2590710093,3016987351
dimwishlist:item=569799273&perks=436053704,2349202967,818211479,3913600130
dimwishlist:item=569799273&perks=938542991,2349202967,818211479,3913600130
dimwishlist:item=569799273&perks=3666208348,2349202967,818211479,3913600130
dimwishlist:item=569799273&perks=436053704,2349202967,1749209109,3913600130
dimwishlist:item=569799273&perks=938542991,2349202967,1749209109,3913600130
dimwishlist:item=569799273&perks=3666208348,2349202967,1749209109,3913600130
dimwishlist:item=569799273&perks=436053704,2349202967,2590710093,3913600130
dimwishlist:item=569799273&perks=938542991,2349202967,2590710093,3913600130
dimwishlist:item=569799273&perks=3666208348,2349202967,2590710093,3913600130